               #####        0.0000000000        0.2666666806        0.5333333611        0.8000000119        1.0666667223        1.3333333731        1.6000000238        1.8666666746        2.1333334446        2.4000000954        2.6666667461        2.9333333969        3.2000000477        3.4666666985        3.7333333492        4.0000000000
        0.0009999999        0.0000002157        0.0000001599        0.0000001198        0.0000000916        0.0000000717        0.0000000573        0.0000000467        0.0000000387        0.0000000326        0.0000000278        0.0000000240        0.0000000209        0.0000000184        0.0000000163        0.0000000145        0.0000000130
        0.0010595599        0.0000002696        0.0000002001        0.0000001501        0.0000001148        0.0000000898        0.0000000719        0.0000000586        0.0000000486        0.0000000409        0.0000000349        0.0000000301        0.0000000262        0.0000000230        0.0000000204        0.0000000182        0.0000000163
        0.0011226678        0.0000003370        0.0000002504        0.0000001879        0.0000001439        0.0000001127        0.0000000901        0.0000000735        0.0000000610        0.0000000514        0.0000000438        0.0000000378        0.0000000329        0.0000000289        0.0000000256        0.0000000228        0.0000000205
        0.0011895339        0.0000004213        0.0000003133        0.0000002354        0.0000001803        0.0000001412        0.0000001130        0.0000000922        0.0000000765        0.0000000644        0.0000000550        0.0000000474        0.0000000413        0.0000000363        0.0000000321        0.0000000287        0.0000000257
        0.0012603831        0.0000005267        0.0000003921        0.0000002947        0.0000002259        0.0000001770        0.0000001417        0.0000001156        0.0000000959        0.0000000808        0.0000000689        0.0000000595        0.0000000518        0.0000000455        0.0000000403        0.0000000359        0.0000000322
        0.0013354514        0.0000006584        0.0000004906        0.0000003690        0.0000002830        0.0000002218        0.0000001776        0.0000001449        0.0000001203        0.0000001013        0.0000000864        0.0000000746        0.0000000650        0.0000000571        0.0000000506        0.0000000451        0.0000000404
        0.0014149914        0.0000008230        0.0000006138        0.0000004620        0.0000003545        0.0000002779        0.0000002226        0.0000001817        0.0000001508        0.0000001270        0.0000001084        0.0000000935        0.0000000815        0.0000000716        0.0000000634        0.0000000565        0.0000000507
        0.0014992683        0.0000010287        0.0000007677        0.0000005783        0.0000004439        0.0000003482        0.0000002789        0.0000002277        0.0000001890        0.0000001592        0.0000001359        0.0000001172        0.0000001021        0.0000000898        0.0000000795        0.0000000709        0.0000000636
        0.0015885647        0.0000012855        0.0000009602        0.0000007237        0.0000005557        0.0000004360        0.0000003493        0.0000002852        0.0000002368        0.0000001995        0.0000001702        0.0000001469        0.0000001280        0.0000001125        0.0000000996        0.0000000888        0.0000000797
        0.0016831805        0.0000016062        0.0000012006        0.0000009054        0.0000006956        0.0000005459        0.0000004375        0.0000003572        0.0000002966        0.0000002499        0.0000002133        0.0000001840        0.0000001603        0.0000001409        0.0000001248        0.0000001113        0.0000000998
        0.0017834306        0.0000020066        0.0000015010        0.0000011325        0.0000008704        0.0000006833        0.0000005476        0.0000004473        0.0000003714        0.0000003130        0.0000002671        0.0000002305        0.0000002008        0.0000001765        0.0000001563        0.0000001394        0.0000001250
        0.0018896526        0.0000025062        0.0000018759        0.0000014161        0.0000010887        0.0000008549        0.0000006853        0.0000005598        0.0000004649        0.0000003918        0.0000003344        0.0000002885        0.0000002514        0.0000002210        0.0000001957        0.0000001745        0.0000001565
        0.0020022001        0.0000031294        0.0000023438        0.0000017702        0.0000013614        0.0000010693        0.0000008574        0.0000007004        0.0000005817        0.0000004902        0.0000004184        0.0000003611        0.0000003146        0.0000002765        0.0000002449        0.0000002184        0.0000001959
        0.0021214511        0.0000039063        0.0000029274        0.0000022120        0.0000017018        0.0000013370        0.0000010721        0.0000008760        0.0000007276        0.0000006132        0.0000005234        0.0000004516        0.0000003936        0.0000003459        0.0000003064        0.0000002732        0.0000002451
        0.0022478057        0.0000048745        0.0000036551        0.0000027630        0.0000021264        0.0000016709        0.0000013401        0.0000010950        0.0000009096        0.0000007667        0.0000006544        0.0000005647        0.0000004921        0.0000004325        0.0000003831        0.0000003416        0.0000003064
        0.0023816850        0.0000060804        0.0000045617        0.0000034498        0.0000026557        0.0000020873        0.0000016743        0.0000013682        0.0000011367        0.0000009580        0.0000008177        0.0000007057        0.0000006150        0.0000005406        0.0000004787        0.0000004269        0.0000003830
        0.0025235394        0.0000075814        0.0000056907        0.0000043052        0.0000033151        0.0000026061        0.0000020907        0.0000017087        0.0000014196        0.0000011966        0.0000010214        0.0000008815        0.0000007682        0.0000006752        0.0000005980        0.0000005333        0.0000004784
        0.0026738413        0.0000094488        0.0000070957        0.0000053701        0.0000041362        0.0000032522        0.0000026094        0.0000021328        0.0000017721        0.0000014937        0.0000012750        0.0000011004        0.0000009590        0.0000008429        0.0000007466        0.0000006657        0.0000005973
        0.0028330951        0.0000117702        0.0000088430        0.0000066947        0.0000051577        0.0000040561        0.0000032548        0.0000026605        0.0000022107        0.0000018635        0.0000015908        0.0000013730        0.0000011965        0.0000010517        0.0000009315        0.0000008306        0.0000007452
        0.0030018357        0.0000146540        0.0000110143        0.0000083413        0.0000064277        0.0000050557        0.0000040574        0.0000033168        0.0000027562        0.0000023234        0.0000019834        0.0000017119        0.0000014919        0.0000013114        0.0000011615        0.0000010357        0.0000009292
        0.0031806249        0.0000182337        0.0000137103        0.0000103862        0.0000080053        0.0000062974        0.0000050545        0.0000041322        0.0000034340        0.0000028949        0.0000024713        0.0000021330        0.0000018590        0.0000016340        0.0000014473        0.0000012906        0.0000011579
        0.0033700645        0.0000226737        0.0000170553        0.0000129238        0.0000099633        0.0000078388        0.0000062923        0.0000051446        0.0000042754        0.0000036044        0.0000030771        0.0000026559        0.0000023147        0.0000020346        0.0000018021        0.0000016070        0.0000014417
        0.0035707853        0.0000281757        0.0000212014        0.0000160699        0.0000123911        0.0000097503        0.0000078274        0.0000064001        0.0000053191        0.0000044844        0.0000038284        0.0000033045        0.0000028800        0.0000025315        0.0000022422        0.0000019994        0.0000017939
        0.0037834630        0.0000349876        0.0000263359        0.0000199667        0.0000153987        0.0000121185        0.0000097294        0.0000079557        0.0000066123        0.0000055748        0.0000047594        0.0000041082        0.0000035804        0.0000031473        0.0000027876        0.0000024858        0.0000022302
        0.0040088058        0.0000434127        0.0000326879        0.0000247884        0.0000191205        0.0000150493        0.0000120834        0.0000098812        0.0000082129        0.0000069246        0.0000059119        0.0000051030        0.0000044475        0.0000039095        0.0000034627        0.0000030878        0.0000027704
        0.0042475723        0.0000538224        0.0000405379        0.0000307483        0.0000237215        0.0000186727        0.0000149940        0.0000122620        0.0000101921        0.0000085935        0.0000073369        0.0000063331        0.0000055197        0.0000048520        0.0000042975        0.0000038323        0.0000034383
        0.0045005577        0.0000666699        0.0000502282        0.0000381065        0.0000294026        0.0000231472        0.0000185882        0.0000152021        0.0000126364        0.0000106547        0.0000090968        0.0000078524        0.0000068439        0.0000060160        0.0000053286        0.0000047517        0.0000042632
        0.0047686109        0.0000825078        0.0000621764        0.0000471805        0.0000364092        0.0000286660        0.0000230217        0.0000188289        0.0000156516        0.0000131974        0.0000112679        0.0000097265        0.0000084774        0.0000074520        0.0000066005        0.0000058860        0.0000052809
        0.0050526313        0.0001020083        0.0000768903        0.0000583564        0.0000450397        0.0000354643        0.0000284833        0.0000232968        0.0000193662        0.0000163299        0.0000139426        0.0000120355        0.0000104899        0.0000092212        0.0000081675        0.0000072835        0.0000065347
        0.0053535663        0.0001259873        0.0000949865        0.0000721032        0.0000556564        0.0000438277        0.0000352025        0.0000287938        0.0000239364        0.0000201840        0.0000172336        0.0000148765        0.0000129662        0.0000113979        0.0000100956        0.0000090029        0.0000080774
        0.0056724269        0.0001554338        0.0001172123        0.0000889889        0.0000686985        0.0000541024        0.0000434577        0.0000355475        0.0000295516        0.0000249194        0.0000212770        0.0000183671        0.0000160087        0.0000140725        0.0000124647        0.0000111155        0.0000099728
        0.0060102767        0.0001915425        0.0001444706        0.0001097003        0.0000846967        0.0000667066        0.0000535848        0.0000438329        0.0000364404        0.0000307289        0.0000262378        0.0000226496        0.0000197414        0.0000173539        0.0000153712        0.0000137075        0.0000122984
        0.0063682483        0.0002357547        0.0001778506        0.0001350657        0.0001042912        0.0000821450        0.0000659895        0.0000539819        0.0000448789        0.0000378454        0.0000323146        0.0000278955        0.0000243139        0.0000213735        0.0000189316        0.0000168826        0.0000151471
        0.0067475443        0.0002898041        0.0002186627        0.0001660815        0.0001282522        0.0001010246        0.0000811598        0.0000663939        0.0000551991        0.0000465489        0.0000397466        0.0000343115        0.0000299063        0.0000262897        0.0000232862        0.0000207659        0.0000186312
        0.0071494277        0.0003557690        0.0002684776        0.0002039424        0.0001575031        0.0001240732        0.0000996806        0.0000815474        0.0000677990        0.0000571751        0.0000488204        0.0000421449        0.0000367342        0.0000322920        0.0000286028        0.0000255072        0.0000228852
        0.0075752512        0.0004361370        0.0003291755        0.0002500783        0.0001931492        0.0001521620        0.0001222520        0.0001000155        0.0000831551        0.0000701259        0.0000598794        0.0000516920        0.0000450558        0.0000396075        0.0000350826        0.0000312857        0.0000280698
        0.0080264332        0.0005338703        0.0004029954        0.0003061919        0.0002365065        0.0001863285        0.0001497079        0.0001224806        0.0001018348        0.0000858799        0.0000733321        0.0000633057        0.0000551788        0.0000485065        0.0000429651        0.0000383152        0.0000343767
        0.0085044866        0.0006524900        0.0004925984        0.0003743073        0.0002891396        0.0002278058        0.0001830394        0.0001497536        0.0001245126        0.0001050058        0.0000896643        0.0000774053        0.0000674687        0.0000593104        0.0000525350        0.0000468494        0.0000420337
        0.0090110181        0.0007961638        0.0006011348        0.0004568200        0.0003529001        0.0002780533        0.0002234196        0.0001827945        0.0001519867        0.0001281771        0.0001094509        0.0000944872        0.0000823581        0.0000723996        0.0000641290        0.0000571888        0.0000513103
        0.0095477188        0.0009697994        0.0007323134        0.0005565510        0.0004299682        0.0003387896        0.0002722296        0.0002227336        0.0001851970        0.0001561862        0.0001333690        0.0001151358        0.0001003564        0.0000882219        0.0000781440        0.0000696871        0.0000625240
        0.0101163806        0.0011791511        0.0008904834        0.0006768072        0.0005229001        0.0004120293        0.0003310887        0.0002708958        0.0002252453        0.0001899627        0.0001622120        0.0001400363        0.0001220609        0.0001073023        0.0000950448        0.0000847590        0.0000760468
        0.0107189119        0.0014309349        0.0010807195        0.0008214479        0.0006346786        0.0005001235        0.0004018863        0.0003288273        0.0002734173        0.0002305908        0.0001969060        0.0001699880        0.0001481683        0.0001302533        0.0001153743        0.0001028885        0.0000923129
        0.0113573354        0.0017329383        0.0013089067        0.0009949476        0.0007687616        0.0006057974        0.0004868127        0.0003983203        0.0003312035        0.0002793275        0.0002385244        0.0002059177        0.0001794865        0.0001577851        0.0001397612        0.0001246364        0.0001118255
        0.0120337782        0.0020941223        0.0015818148        0.0012024537        0.0009291270        0.0007321860        0.0005883873        0.0004814366        0.0004003180        0.0003376186        0.0002883018        0.0002488911        0.0002169444        0.0001907143        0.0001689291        0.0001506479        0.0001351634
        0.0127505157        0.0025247349        0.0019071855        0.0014498513        0.0011203223        0.0008828731        0.0007094902        0.0005805324        0.0004827202        0.0004071167        0.0003476492        0.0003001266        0.0002616040        0.0002299745        0.0002037049        0.0001816604        0.0001629883
        0.0135099357        0.0030363656        0.0022937716        0.0017437936        0.0013474880        0.0010619094        0.0008533762        0.0006982711        0.0005806247        0.0004896894        0.0004181617        0.0003610009        0.0003146653        0.0002766207        0.0002450229        0.0002185072        0.0001960479
        0.0143145872        0.0036420105        0.0027513865        0.0020917382        0.0016163852        0.0012738339        0.0010236928        0.0008376371        0.0006965128        0.0005874292        0.0005016261        0.0004330566        0.0003774728        0.0003318347        0.0002939302        0.0002621220        0.0002351798
        0.0151671711        0.0043560551        0.0032908879        0.0025019341        0.0019333855        0.0015236667        0.0012244734        0.0010019294        0.0008331278        0.0007026497        0.0006000175        0.0005179992        0.0004515131        0.0003969235        0.0003515841        0.0003135369        0.0002813101
        0.0160705354        0.0051941834        0.0039241090        0.0029833689        0.0023054292        0.0018168741        0.0014601088        0.0011947412        0.0009934565        0.0008378697        0.0007154871        0.0006176850        0.0005384042        0.0004733093        0.0004192446        0.0003738755        0.0003354469
        0.0170276947        0.0061732214        0.0046637394        0.0035456754        0.0027399524        0.0021593126        0.0017353038        0.0014199199        0.0011806975        0.0009957863        0.0008503377        0.0007341024        0.0006398792        0.0005625155        0.0004982611        0.0004443411        0.0003986696
        0.0180418640        0.0073109106        0.0055231438        0.0041989954        0.0032447812        0.0025571436        0.0020550061        0.0016815123        0.0013982147        0.0011792360        0.0010069908        0.0008693414        0.0007577597        0.0006661435        0.0005900518        0.0005261985        0.0004721133
        0.0191164427        0.0086255250        0.0065160803        0.0049537597        0.0038279593        0.0030166965        0.0024242979        0.0019836742        0.0016494624        0.0013911308        0.0011879328        0.0010255483        0.0008939161        0.0007858374        0.0006960731        0.0006207461        0.0005569427
        0.0202550218        0.0101354504        0.0076563684        0.0058204336        0.0044975523        0.0035443169        0.0028482708        0.0023305682        0.0019378989        0.0016343866        0.0013956527        0.0012048712        0.0010502206        0.0009232430        0.0008177825        0.0007292840        0.0006543242
        0.0214614104        0.0118587511        0.0089575611        0.0068092677        0.0052614515        0.0041462062        0.0033319003        0.0027262594        0.0022669022        0.0019118504        0.0016325804        0.0014094074        0.0012285010        0.0010799664        0.0009566025        0.0008530805        0.0007653957
        0.0227396563        0.0138128325        0.0104326829        0.0079300934        0.0061272141        0.0048282985        0.0038799425        0.0031746340        0.0026396993        0.0022262407        0.0019010364        0.0016411589        0.0014305017        0.0012575412        0.0011138914        0.0009933468        0.0008912437
        0.0240940358        0.0160142500        0.0120940851        0.0091922069        0.0071019740        0.0055961870        0.0044968775        0.0036793470        0.0030593246        0.0025801149        0.0022032021        0.0019020083        0.0016578628        0.0014574084        0.0012909252        0.0011512204        0.0010328890
        0.0255290866        0.0184790082        0.0139536541        0.0106045306        0.0081925616        0.0064552207        0.0051869829        0.0042438894        0.0035286744        0.0029759107        0.0025411570        0.0021937490        0.0019121469        0.0016809416        0.0014889198        0.0013277858        0.0011913042
        0.0270496048        0.0212233663        0.0160234291        0.0121760760        0.0094058607        0.0074107805        0.0059545594        0.0048717656        0.0040506539        0.0034160740        0.0029169875        0.0025181805        0.0021949210        0.0019295169        0.0017090947        0.0015241296        0.0013674640
        0.0286606792        0.0242654718        0.0183168184        0.0139168706        0.0107495245        0.0084688468        0.0068043834        0.0055668671        0.0046284902        0.0039033210        0.0033330086        0.0028772997        0.0025079246        0.0022046631        0.0019528026        0.0017414582        0.0015624503
        0.0303677153        0.0276278071        0.0208504647        0.0158393551        0.0122330589        0.0096368464        0.0077423910        0.0063340310        0.0052661938        0.0044410275        0.0037920994        0.0032735888        0.0028533197        0.0025082796        0.0022217259        0.0019812712        0.0017776090
        0.0321764238        0.0313403979        0.0236466378        0.0179602318        0.0138692381        0.0109247770        0.0087765735        0.0071797757        0.0059691719        0.0050337450        0.0042981417        0.0037103966        0.0032340235        0.0028429301        0.0025181337        0.0022455924        0.0020147546
        0.0340928584        0.0354446992        0.0267361868        0.0203026887        0.0156758297        0.0123465573        0.0099180732        0.0081131887        0.0067449654        0.0056878263        0.0048565548        0.0041923984        0.0036541088        0.0032121933        0.0028451961        0.0025372473        0.0022764227
        0.0361234285        0.0399978608        0.0301617589        0.0228988361        0.0176774804        0.0139215179        0.0111823706        0.0091469120        0.0076040695        0.0064121098        0.0054748817        0.0047261016        0.0041192453        0.0036210518        0.0032073250        0.0028601701        0.0025661420
        0.0382749476        0.0450772792        0.0339812189        0.0257923231        0.0199077241        0.0156759769        0.0125905583        0.0102981674        0.0085607851        0.0072186477        0.0061634039        0.0053203781        0.0046371645        0.0040763007        0.0036105381        0.0032197267        0.0028887265
        0.0405546129        0.0507850423        0.0382709987        0.0290408544        0.0224109329        0.0176447872        0.0141705750        0.0115897767        0.0096340654        0.0081234118        0.0069357543        0.0059869932        0.0052181170        0.0045869485        0.0040628146        0.0036230313        0.0032505589
        0.0429700539        0.0572526529        0.0431296453        0.0327189043        0.0252444055        0.0198729597        0.0159585178        0.0130512342        0.0108484123        0.0091470489        0.0078095538        0.0067411517        0.0058753537        0.0051646428        0.0045744693        0.0040792818        0.0036598912
        0.0455293581        0.0646456704        0.0486813374        0.0369203463        0.0284803901        0.0224172752        0.0179999247        0.0147197498        0.0122347353        0.0103156110        0.0088070398        0.0076020467        0.0066255992        0.0058240835        0.0051585194        0.0046000867        0.0041271374
        0.0482410863        0.0731673539        0.0550785512        0.0417604931        0.0322076567        0.0253474992        0.0203507598        0.0166410562        0.0138310278        0.0116611216        0.0099555450        0.0085932650        0.0074894084        0.0065833367        0.0058309683        0.0051997146        0.0046650986
        0.0511143357        0.0830591768        0.0625024512        0.0473763421        0.0365316570        0.0287465155        0.0230775047        0.0188694801        0.0156824235        0.0132216215        0.0112875393        0.0097428299        0.0084912013        0.0074638659        0.0066108247        0.0058951164        0.0052889823
        0.0541587174        0.0945920423        0.0711561218        0.0539214052        0.0415705293        0.0327071473        0.0262545999        0.0214658510        0.0178394504        0.0150396926        0.0128393648        0.0110821063        0.0096583115        0.0084896954        0.0075193653        0.0067052636        0.0060158097
        0.0573844351        0.1080408618        0.0812452883        0.0615509152        0.0474435948        0.0373230800        0.0299571417        0.0244914982        0.0203530397        0.0171582550        0.0146476533        0.0126427012        0.0110182771        0.0096850293        0.0085780257        0.0076492708        0.0068627275
        0.0608022511        0.1236303151        0.0929369926        0.0703903511        0.0542469583        0.0426695831        0.0342453532        0.0279955547        0.0232639629        0.0196116436        0.0167416874        0.0144498767        0.0125931092        0.0110692093        0.0098039322        0.0087424070        0.0078434339
        0.0644236282        0.1414453387        0.1062916890        0.0804835409        0.0620132983        0.0487717539        0.0391390473        0.0319940187        0.0265854020        0.0224108994        0.0191308577        0.0165117104        0.0143898297        0.0126483971        0.0112025365        0.0099895280        0.0089622838
        0.0682607368        0.1613112539        0.1211721897        0.0917231739        0.0706580281        0.0555620044        0.0445833839        0.0364417285        0.0302796327        0.0255241077        0.0217878465        0.0188045856        0.0163878314        0.0144044599        0.0127577670        0.0113762980        0.0102064079
        0.0723263398        0.1826791316        0.1371565908        0.1037843376        0.0799277648        0.0628393814        0.0504161566        0.0412055552        0.0342357233        0.0288575739        0.0246325620        0.0212593041        0.0185267571        0.0162843205        0.0144225983        0.0128607685        0.0115381647
        0.0766341314        0.2046009302        0.1535191983        0.1161098629        0.0893889293        0.0702605247        0.0563604943        0.0460584164        0.0382645391        0.0322516002        0.0275285169        0.0237579662        0.0207038093        0.0181975812        0.0161169320        0.0143715004        0.0128934495
        0.0811984614        0.2258991301        0.1693590283        0.1280082464        0.0985035077        0.0773994178        0.0620729290        0.0507186353        0.0421314836        0.0355081074        0.0303064454        0.0261543561        0.0227914825        0.0200321134        0.0177414399        0.0158198941        0.0141927600
        0.0860346332        0.2456169873        0.1839411110        0.1389136612        0.1068303734        0.0839062408        0.0672711208        0.0549544990        0.0456434973        0.0384640396        0.0328269452        0.0283280537        0.0246847495        0.0216955636        0.0192142799        0.0171329565        0.0153705962
        0.0911588967        0.2636837065        0.1972005218        0.1487702280        0.1143226847        0.0897420943        0.0719226897        0.0587388687        0.0487776361        0.0410998203        0.0350731798        0.0302644279        0.0263708122        0.0231766384        0.0205254387        0.0183017347        0.0164189152
        0.0965883657        0.2815238237        0.2102044821        0.1583840847        0.1216004938        0.0953940377        0.0764181390        0.0623907708        0.0517988764        0.0436387621        0.0372357294        0.0321279429        0.0279929843        0.0246012993        0.0217864681        0.0194257051        0.0174269620
        0.1023411155        0.3021987379        0.2252590358        0.1695045829        0.1300134808        0.1019244939        0.0816106275        0.0666079074        0.0552871674        0.0465698391        0.0397320725        0.0342789665        0.0298653487        0.0262456369        0.0232418999        0.0207229294        0.0185903758
        0.1084366068        0.3297306299        0.2453960478        0.1844327599        0.1413375735        0.1107318476        0.0886232406        0.0723088905        0.0600060970        0.0505369306        0.0431119502        0.0371920392        0.0324015021        0.0284732226        0.0252137762        0.0224805847        0.0201668143
        0.1148951426        0.3674764633        0.2731393576        0.2050803453        0.1570461392        0.1229750291        0.0983861163        0.0802540705        0.0665875375        0.0560726970        0.0478300862        0.0412596352        0.0359434858        0.0315847062        0.0279683713        0.0249361135        0.0223693028
        0.1217382923        0.4157527685        0.3087026179        0.2315951884        0.1772452742        0.1387331635        0.1109603122        0.0904919878        0.0750710070        0.0632099733        0.0539142080        0.0465055108        0.0405118875        0.0355981141        0.0315216109        0.0281036887        0.0252105352
        0.1289890856        0.4697484970        0.3484058380        0.2611532807        0.1997381747        0.1562669128        0.1249435395        0.1018726677        0.0844987780        0.0711401477        0.0606732741        0.0523327440        0.0455862060        0.0400557332        0.0354679711        0.0316216163        0.0283659510
        0.1366716623        0.5202612877        0.3852325678        0.2883834243        0.2203536332        0.1722776592        0.1376785636        0.1122181639        0.0930577517        0.0783328190        0.0667996705        0.0576120093        0.0501817502        0.0440917462        0.0390404128        0.0348057784        0.0312217046
        0.1448118240        0.5596237183        0.4133237600        0.3087928593        0.2355984896        0.1840006709        0.1469369382        0.1197013408        0.0992264077        0.0835034624        0.0711957142        0.0613951609        0.0534717850        0.0469791666        0.0415948629        0.0370817147        0.0332623236
        0.1534368843        0.5900686979        0.4343208075        0.3236032128        0.2464021742        0.1921603233        0.1532962173        0.1247921288        0.1033940390        0.0869794860        0.0741404220        0.0639227629        0.0556657799        0.0489020050        0.0432942286        0.0385946482        0.0346180536
        0.1625755876        0.6258345246        0.4589607716        0.3409661651        0.2590574920        0.2017122507        0.1607369184        0.1307464391        0.1082672626        0.0910432488        0.0775825381        0.0668770000        0.0582298972        0.0511491001        0.0452800840        0.0403625891        0.0362022594
        0.1722585857        0.6834981441        0.4997430146        0.3703705370        0.2808891237        0.2184244245        0.1738918424        0.1413536519        0.1169961989        0.0983509570        0.0837900117        0.0722156391        0.0628704950        0.0552204251        0.0488810092        0.0435703062        0.0390779115
        0.1825183928        0.7658283114        0.5586809516        0.4133018851        0.3130197227        0.2431675643        0.1934528202        0.1571752876        0.1300451905        0.1092927009        0.0930949524        0.0802247748        0.0698366091        0.0613346696        0.0542905629        0.0483903103        0.0433997177
        0.1933891773        0.8534756303        0.6209973693        0.4584340453        0.3466457725        0.2689753175        0.2138055414        0.1736083776        0.1435814202        0.1206327751        0.1027324125        0.0885162428        0.0770458207        0.0676607043        0.0598864704        0.0533756837        0.0478693396
        0.2049075216        0.9224550724        0.6683807373        0.4917348921        0.3708622456        0.2872194052        0.2279967815        0.1849524975        0.1528584659        0.1283643097        0.1092784628        0.0941327214        0.0819195062        0.0719311014        0.0636599213        0.0567347407        0.0508791022
        0.2171118110        0.9786583781        0.7051568627        0.5164211392        0.3881141841        0.2998040617        0.2375441045        0.1924420148        0.1588985026        0.1333468705        0.1134655476        0.0977055728        0.0850073770        0.0746287033        0.0660383701        0.0588485226        0.0527707450
        0.2300430983        1.0573081970        0.7578713894        0.5526370406        0.4139468670        0.3189679980        0.2522759736        0.2041150928        0.1683830023        0.1412140578        0.1201035678        0.1033866778        0.0899280533        0.0789344311        0.0698392391        0.0622294582        0.0557984039
        0.2437445670        1.1733405590        0.8376539350        0.6087549925        0.4547798336        0.3497421145        0.2762193680        0.2232575715        0.1840388924        0.1542625427        0.1311517358        0.1128661931        0.0981540233        0.0861422271        0.0762083232        0.0678991377        0.0608785376
        0.2582619786        1.2938458920        0.9193122387        0.6654317379        0.4955583513        0.3802022934        0.2997580171        0.2419817150        0.1992960721        0.1669444591        0.1418684870        0.1220481843        0.1061134562        0.0931111127        0.0823627859        0.0733754411        0.0657838285
        0.2736439407        1.3947919607        0.9843454361        0.7084024549        0.5251471400        0.4015102088        0.3157536983        0.2544263005        0.2092689127        0.1751322597        0.1487247944        0.1278833747        0.1111467779        0.0975019485        0.0862299725        0.0768095404        0.0688551739
        0.2899422944        1.5132268667        1.0605297089        0.7586611509        0.5596988201        0.4263552725        0.3343811035        0.2689034343        0.2208613157        0.1846438944        0.1566860080        0.1346565634        0.1169876829        0.1025963053        0.0907161310        0.0807928592        0.0724174455
        0.3072113991        1.6736662388        1.1660816669        0.8298805952        0.6096783876        0.4629275799        0.3621893823        0.2907531857        0.2385025024        0.1992082745        0.1689322740        0.1451106668        0.1260254532        0.1104935631        0.0976801664        0.0869826823        0.0779572874
        0.3255088925        1.8377084732        1.2714359760        0.8992629647        0.6572870612        0.4970979691        0.3877658248        0.3106035888        0.2543798685        0.2122246325        0.1798198074        0.1543689519        0.1340064555        0.1174525768        0.1038070992        0.0924220234        0.0828210786
        0.3448963761        2.0047569275        1.3756252527        0.9657736421        0.7015542388        0.5280041695        0.4103618860        0.3278099895        0.2679384947        0.2232135534        0.1889323443        0.1620677114        0.1406109780        0.1231905073        0.1088452488        0.0968856514        0.0868063048
        0.3654383719        2.2149443626        1.5084888935        1.0518188477        0.7596331239        0.5690715909        0.4407131672        0.3511256278        0.2864384353        0.2382870317        0.2014822811        0.1727026254        0.1497549564        0.1311481446        0.1158412471        0.1030897647        0.0923494026
        0.3872040510        2.4429078102        1.6500949860        1.1417980194        0.8192115426        0.6104506254        0.4708201885        0.3739561439        0.3043674827        0.2527788281        0.2134744227        0.1828180254        0.1584220976        0.1386711448        0.1224422231        0.1089349538        0.0975660384
        0.4102659225        2.7008140087        1.8088669777        1.2416681051        0.8846334219        0.6554152369        0.5032275319        0.3983331025        0.3233850896        0.2680704594        0.2260773480        0.1934158802        0.1674813926        0.1465207040        0.1293205321        0.1150195822        0.1029922292
        0.4347015619        2.9941956997        1.9880719185        1.3533813953        0.9570979476        0.7047310472        0.5384463668        0.4246138930        0.3437521756        0.2843602002        0.2394470423        0.2046224326        0.1770376265        0.1547854245        0.1365524530        0.1214102209        0.1086866930
        0.4605921507        3.3268299103        2.1895091534        1.4776908159        1.0368267298        0.7583628893        0.5763261318        0.4526033401        0.3652637005        0.3014491498        0.2533977330        0.2162674218        0.1869359761        0.1633252054        0.1440112144        0.1279920191        0.1145452261
        0.4880252481        3.7062780857        2.4176902771        1.6173264980        1.1255160570        0.8174048066        0.6176037192        0.4828203619        0.3883008957        0.3196283877        0.2681592405        0.2285374701        0.1973317266        0.1722716838        0.1518102884        0.1348641068        0.1206553429
        0.5170919895        4.1391162872        2.6762166023        1.7742257118        1.2241870165        0.8823800683        0.6625332832        0.5153743625        0.4128956199        0.3388889432        0.2837016881        0.2413929403        0.2081814408        0.1815809906        0.1599070579        0.1419859976        0.1269790679
        0.5478902459        4.6340494156        2.9701161385        1.9513047934        1.3345489502        0.9543106556        0.7117430568        0.5506640673        0.4393100142        0.3594095707        0.3001516461        0.2549265921        0.2195555568        0.1913082898        0.1683459431        0.1493943334        0.1335473061
        0.5805225968        5.2003741264        3.3046736717        2.1515617371        1.4582999945        1.0341615677        0.7657845616        0.5890064240        0.4677264094        0.3812943101        0.3175670505        0.2691691220        0.2314684391        0.2014582008        0.1771257967        0.1570845991        0.1403536499
        0.6150987744        5.8492918015        3.6864109039        2.3788151741        1.5976908207        1.1232789755        0.8254807591        0.6309183836        0.4984794855        0.4047670662        0.3361027837        0.2842313945        0.2440020442        0.2120932788        0.1862958074        0.1650965661        0.1474309713
        0.6517343521        6.5925502777        4.1220564842        2.6369166374        1.7549110651        1.2229013443        0.8915290236        0.6767889261        0.5317817330        0.4299385250        0.3558107316        0.3001311421        0.2571545839        0.2232007384        0.1958372742        0.1734086126        0.1547566205
        0.6905516386        7.4446139336        4.6201896667        2.9310069084        1.9330587387        1.3349196911        0.9651078582        0.7273725271        0.5681313276        0.4571488500        0.3769312203        0.3170440793        0.2710589170        0.2348841131        0.2058331817        0.1820889860        0.1623878628
        0.7316812277        8.4203891754        5.1895251274        3.2662096024        2.1351244450        1.4610702991        1.0472226143        0.7832496166        0.6078606844        0.4865848124        0.3995648623        0.3350197375        0.2857340574        0.2471445352        0.2162742168        0.1911224276        0.1703064442
        0.7752597332        9.5370693207        5.8403387070        3.6487395763        2.3648571968        1.6036171913        1.1392514706        0.8452702761        0.6515030265        0.5185871124        0.4239339530        0.3542061150        0.3012808263        0.2600521445        0.2272103578        0.2005454302        0.1785395145
        0.8214346170       10.8136777878        6.5841426849        4.0856637955        2.6265773773        1.7651991844        1.2428162098        0.9144436717        0.6996967793        0.5535675883        0.4503095746        0.3747857809        0.3178249896        0.2736957073        0.2387057990        0.2104056031        0.1871233732
        0.8703592420       12.2704544067        7.4332876205        4.5846505165        2.9250049591        1.9487003088        1.3596781492        0.9918504357        0.7531100512        0.5919430256        0.4789541960        0.3969251513        0.3354725540        0.2881428301        0.2508035004        0.2207298875        0.1960744858
        0.9221982360       13.9293251038        8.4013643265        5.1543025970        3.2655289173        2.1574625969        1.4919037819        1.0787733793        0.8125457168        0.6342210770        0.5101921558        0.4208337963        0.3543604016        0.3034836948        0.2635633051        0.2315582782        0.2054196149
        0.9771243334       15.8136100769        9.5030946732        5.8041462898        3.6542339325        2.3953197002        1.6418957710        1.1767215729        0.8789584637        0.6810119748        0.5444186330        0.4467709363        0.3746607900        0.3198344409        0.2770645618        0.2429456860        0.2151973248
        1.0353223085       17.9477500916       10.7541980743        6.5446009636        4.0979094505        2.6666145325        1.8124057055        1.2874367237        0.9534564614        0.7330271006        0.5820950270        0.4750395417        0.3965752423        0.3373306394        0.2913996875        0.2549558878        0.2254521698
        1.0969860554       20.3568038940       12.1711540222        7.3868856430        4.6040344238        2.9762153625        2.0065574646        1.4129141569        1.0373164415        0.7910890579        0.6237561107        0.5059907436        0.4203367829        0.3561288118        0.3066748083        0.2676616311        0.2362344861
        1.1623231173       23.0660934448       13.7710466385        8.3430042267        5.1808228493        3.3295731544        2.2278995514        1.5554435253        1.1320158243        0.8561547995        0.6700266004        0.5400362015        0.4462192655        0.3764128983        0.3230148554        0.2811484635        0.2476034462
        1.2315516472       26.1005287170       15.5711927414        9.4255790710        5.8371715546        3.7327270508        2.4804267883        1.7176346779        1.2392528057        0.9293317795        0.7216326594        0.5776557922        0.4745427370        0.3983982503        0.3405660093        0.2955166399        0.2596282959
        1.3049021959       29.4839439392       17.5887718201       10.6476774216        6.5826182365        4.1923160553        2.7686157227        1.9024513960        1.3609749079        1.0118995905        0.7794183493        0.6194096208        0.5056818724        0.4223376513        0.3595002890        0.3108840585        0.2723905146
        1.3826221228       33.2386550903       19.8405284882       12.0226898193        7.4273223877        4.7156200409        3.0974755287        2.1132631302        1.4994239807        1.1053452492        0.8443722129        0.6659587622        0.5400817990        0.4485334158        0.3800248206        0.3273940682        0.2859902680
        1.4649716616       37.3844566345       22.3421554565       13.5639505386        8.3818817139        5.3104839325        3.4725365639        2.3538532257        1.6571488380        1.2113755941        0.9176373482        0.7180715799        0.5782622099        0.4773397744        0.4023830593        0.3452154398        0.3005455732
        1.5522253513       41.9378700256       25.1076393127       15.2843227386        9.4571037292        5.9852170944        3.8998074532        2.6284074783        1.8370046616        1.3319182396        1.0005106926        0.7766214013        0.6208134294        0.5091574788        0.4268486500        0.3645359576        0.3161859214
        1.6446766853       46.9120826721       28.1491699219       17.1961040497       10.6639909744        6.7486495972        4.3858723640        2.9416172504        2.0422472954        1.4692032337        1.0945117474        0.8426438570        0.6684435606        0.5444735289        0.4537588358        0.3855911493        0.3330772519
        1.7426344156       52.3160820007       31.4762802124       19.3103408813       12.0132932663        7.6098666191        4.9377374649        3.2985925674        2.2764832973        1.6257282495        1.2013549805        0.9173120260        0.7219558954        0.5838398337        0.4834944606        0.4086449444        0.3514034748
        1.8464256525       58.1549301147       35.0957908630       21.6366767883       13.5153808594        8.5781660080        5.5628643036        3.7049288750        2.5437424183        1.8043298721        1.3230128288        1.0019905567        0.7822943926        0.6279109120        0.5165113807        0.4340169430        0.3713899255
        1.9563996792       64.4299774170       39.0115470886       24.1828899384       15.1798706055        9.6628227234        6.2690353394        4.1666402817        2.8484492302        2.0081698895        1.4617078304        1.0982291698        0.8505362272        0.6774358749        0.5533319712        0.4620727301        0.3932938576
        2.0729227066       71.1392974854       43.2243423462       26.9546012878       17.0153217316       10.8728761673        7.0642452240        4.6901292801        3.1954345703        2.2407655716        1.6199479103        1.2077960968        0.9279220104        0.7332839966        0.5945664048        0.4932418764        0.4174190164
        2.1963858604       78.2789840698       47.7323379517       29.9551963806       19.0289916992       12.2169332504        7.9565978050        5.2821445465        3.5899319649        2.5060043335        1.8005480766        1.3326995373        1.0158730745        0.7964585423        0.6409227848        0.5280254483        0.4441211224
        2.3272025585       85.8442764282       52.5314826965       33.1856956482       21.2265510559       13.7028884888        8.9541072845        5.9496755600        4.0375337601        2.8081367016        2.0066375732        1.4752004147        1.1160058975        0.8681094646        0.6932179928        0.5670042038        0.4738141298
        2.4658119678       93.8312072754       57.6162643433       36.6449203491       23.6119117737       15.3377017975       10.0645322800        6.6998591423        4.5441570282        3.1517720222        2.2416744232        1.6378337145        1.2301533222        0.9495517015        0.7523924112        0.6108503938        0.5069793463
        2.6126756668      102.2378921509       62.9805374146       40.3296966553       26.1870861053       17.1271419525       11.2951440811        7.5398273468        5.1159591675        3.5418493748        2.5094437599        1.8234188557        1.3603799343        1.0422818661        0.8195251226        0.6603407860        0.5441760421
        2.7682878971      111.0663146973       68.6187820435       44.2354736328       28.9522762299       19.0756568909       12.6525793076        8.4765901566        5.7592802048        3.9836144447        2.8140587807        2.0350732803        1.5089983940        1.1479938030        0.8958476186        0.7163670659        0.5860494971
        2.9331669807      120.3229064941       74.5268478394       48.3567543030       31.9059295654       21.1861858368       14.1425819397        9.5168447495        6.4805083275        4.4825506210        3.1599340439        2.2762112617        1.6785814762        1.2685947418        0.9827600718        0.7799518108        0.6333445311
        3.1078662872      130.0191650391       80.7030410767       52.6879539490       35.0450706482       23.4601821899       15.7698898315       10.6668224335        7.2859849930        5.0443277359        3.5517663956        2.5505428314        1.8719716072        1.4062196016        1.0818458796        0.8522607088        0.6869158745
        3.2929737568      140.1713714600       87.1486892700       57.2240829468       38.3657302856       25.8976459503       17.5381126404       11.9321451187        8.1818761826        5.6747155190        3.9944946766        2.8620646000        2.0922877789        1.5632450581        1.1948885918        0.9346191883        0.7477430105
        3.4891033173      150.7989044189       93.8678817749       61.9611129761       41.8631324768       28.4971466064       19.4495353699       13.3175868988        9.1739664078        6.3794484138        4.4932150841        3.2150139809        2.3429059982        1.7422864437        1.3238759041        1.0285196304        0.8169382215
        3.6969141960      161.9237518311      100.8676986694       66.8968582153       45.5325393677       31.2562198639       21.5052947998       14.8270645142       10.2676086426        7.1641669273        5.0531477928        3.6138634682        2.6274700165        1.9462146759        1.4710210562        1.1356430054        0.8957653046
        3.9171023369      173.5681915283      108.1573181152       72.0309906006       49.3695220947       34.1715774536       23.7053108215       16.4634876251       11.4675359726        8.0342645645        5.6795320511        4.0632510185        2.9498543739        2.1781439781        1.6387610435        1.2578629255        0.9856480360
        4.1504049301      185.7537689209      115.7469558716       77.3650360107       53.3703613281       37.2394256592       26.0484638214       18.2287387848       12.7777614594        8.9947776794        6.3775305748        4.5679254532        3.3141381741        2.4414229393        1.8297619820        1.3972573280        1.0881825686
        4.3976068497      198.5004272461      123.6470260620       82.9021835327       57.5324401855       40.4558982849       28.5328006744       20.1236991882       14.2015113831       10.0502748489        7.1521434784        5.1326804161        3.7245664597        2.7396180630        2.0469164848        1.5561149120        1.2051485777
        4.6595282555      211.8258056641      131.8667297363       88.6464996338       61.8540382385       43.8171157837       31.1556320190       22.1482391357       15.7410945892       11.2047080994        8.0080566406        5.7622418404        4.1854724884        3.0764708519        2.2933220863        1.7369266748        1.3385095596
        4.9370493889      225.7466430664      140.4141235352       94.6028823853       66.3346939087       47.3197784424       33.9139938354       24.3014926910       17.3980274200       12.4614095688        8.9496116638        6.4612274170        4.7012538910        3.4558830261        2.5722804070        1.9423961639        1.4904267788
        5.2311000824      240.2787170410      149.2954711914      100.7760162354       70.9748229980       50.9610176086       36.8047256470       26.5819015503       19.1729850769       13.8229999542        9.9806680679        7.2340235710        5.2762746811        3.8818531036        2.8872601986        2.1754193306        1.6632537842
        5.5426697731      255.4375915527      158.5156250000      107.1701431274       75.7755355835       54.7386436462       39.8247489929       28.9874610901       21.0659198761       15.2913827896       11.1045627594        8.0847244263        5.9148073196        4.3584337234        3.2418704033        2.4390738010        1.8595341444
        5.8727908134      271.2378845215      168.0778503418      113.7881622314       80.7380752563       58.6507797241       42.9709701538       31.5157184601       23.0760593414       16.8676910400       12.3239803314        9.0169925690        6.6209053993        4.8896327019        3.6397953033        2.7365763187        2.0819787979
        6.2225742340      287.6944885254      177.9854125977      120.6321029663       85.8639831543       62.6961746216       46.2406768799       34.1641921997       25.2022171021       18.5524578094       13.6410531998       10.0340766907        7.3984069824        5.4794025421        4.0847773552        3.0712795258        2.3334693909
        6.5931901932      304.8201904297      188.2411804199      127.7025985718       91.1544876099       66.8738174438       49.6313171387       36.9302825928       27.4427852631       20.3456192017       15.0572757721       11.1387166977        8.2508039474        6.1315298080        4.5805401802        3.4466109276        2.6170201302
        6.9858803749      322.6252136230      198.8483123779      134.9991607666       96.6103820801       71.1828765869       53.1405258179       39.8113822937       29.7959003448       22.2466049194       16.5735626221       12.3331260681        9.1812105179        6.8495874405        5.1307363510        3.8660361767        2.9357526302
        7.4019594193      341.1150817871      209.8099517822      142.5205230713      102.2317886353       75.6225891113       56.7660293579       42.8049278259       32.2595024109       24.2544536591       18.1903114319       13.6189956665       10.1923170090        7.6368670464        5.7388868332        4.3330097198        3.2928614616
        7.8428273201      360.2898254395      221.1289520264      150.2651824951      108.0180892944       80.1921768188       60.5056686401       45.9083595276       34.8314590454       26.3679180145       19.9074745178       14.9975252151       11.2863769531        8.4963455200        6.4083271027        4.8509263992        3.6915740967
        8.3099460602      380.1431884766      232.8067169189      158.2311553955      113.9674224854       84.8905334473       64.3571014404       49.1189270020       37.5094108582       28.5854320526       21.7245426178       16.4693832397       12.4651441574        9.4305934906        7.1421303749        5.4230399132        4.1350870132
        8.8048858643      400.6672668457      244.8432312012      166.4171447754      120.0774383545       89.7164688110       68.3181076050       52.4339637756       40.2909698486       30.9053001404       23.6407566071       18.0348777771       13.7299699783       10.4418401718        7.9431056976        6.0524597168        4.6265530586
        9.3293132782      421.8562622070      257.2355957031      174.8220672607      126.3450088501       94.6684722900       72.3864517212       55.8506355286       43.1736640930       33.3257026672       25.6551094055       19.6939735413       15.0818099976       11.5319137573        8.8137559891        6.7420873642        5.1690211296
        9.8849668503      443.7091064453      269.9766235352      183.4446258545      132.7663269043       99.7442092896       76.5595703125       59.3658294678       46.1546478271       35.8444862366       27.7662639618       21.4462146759       16.5211677551       12.7022132874        9.7562007904        7.4945397377        5.7653617859
       10.4737052917      466.2291564941      283.0566711426      192.2835693359      139.3375701904      104.9410705566       80.8350219727       62.9763641357       49.2309875488       38.4593925476       29.9727268219       23.2909450531       18.0482444763       13.9537982941       10.7722463608        8.3121757507        6.4182720184
       11.0975294113      489.4201049805      296.4661254883      201.3371734619      146.0555267334      110.2559280396       85.2104110718       66.6791305542       52.3996505737       41.1680641174       32.2729187012       25.2273464203       19.6630249023       15.2874546051       11.8634080887        9.1971044540        7.1302633286
       11.7584981918      513.2748413086      310.1968688965      210.6014099121      152.9166717529      115.6846160889       89.6827468872       70.4705276489       55.6570549011       43.9676208496       34.6647987366       27.2541980743       21.3650856018       16.7035312653       13.0307788849       10.1510524750        7.9035353661
       12.4588336945      537.7777099609      324.2454833984      220.0705718994      159.9185180664      121.2228851318       94.2490997314       74.3471069336       58.9995841980       46.8550872803       37.1462402344       29.3701744080       23.1538333893       18.2021827698       14.2752132416       11.1755018234        8.7400722504
       13.2008943558      562.9063720703      338.6110229492      229.7367858887      167.0586395264      126.8662414551       98.9062194824       78.3054428101       62.4234275818       49.8271865845       39.7148551941       31.5737075806       25.0284729004       19.7833118439       15.5972919464       12.2716522217        9.6416015625
       13.9871397018      588.6437377930      353.2901916504      239.5903167725      174.3344116211      132.6099243164      103.6502380371       82.3418045044       65.9244079590       52.8802223206       42.3678016663       33.8628845215       26.9878711700       21.4464969635       16.9972610474       13.4403753281       10.6095361710
       14.8202133179      614.9848632812      368.2743530273      249.6227416992      181.7429809570      138.4497985840      108.4771270752       86.4526596069       69.4984283447       56.0102958679       45.1020851135       36.2356109619       29.0307464600       23.1911678314       18.4751987457       14.6823425293       11.6450843811
       15.7029047012      641.9256591797      383.5480957031      259.8282775879      189.2803192139      144.3822021484      113.3823165894       90.6343154907       73.1412200928       59.2132987976       47.9143295288       38.6894607544       31.1555328369       25.0164928436       20.0309162140       15.9979572296       12.7491893768
       16.6381855011      669.4482421875      399.0944213867      270.2041625977      196.9409484863      150.4039001465      118.3611526489       94.8831024170       76.8486099243       62.4848403931       50.8008956909       41.2217636108       33.3604469299       26.9214439392       21.6640415192       17.3874263763       13.9225826263
       17.6291542053      697.5220336914      414.9018859863      280.7479553223      204.7172393799      156.5119628906      123.4085540771       99.1948928833       80.6162185669       65.8202514648       53.7576789856       43.8293571472       35.6432685852       28.9046363831       23.3738765717       18.8506660461       15.1657104492
       18.6791458130      726.1259765625      430.9675598145      291.4553833008      212.6011962891      162.7038726807      128.5199890137      103.5656127930       84.4399642944       69.2149810791       56.7804718018       46.5089378357       38.0016517639       30.9645290375       25.1595954895       20.3874397278       16.4788742065
       19.7916755676      755.2522583008      447.2857971191      302.3173828125      220.5854492188      168.9768066406      133.6912231445      107.9909057617       88.3156967163       72.6642608643       59.8647193909       49.2567939758       40.4328422546       33.0992660522       27.0200786591       21.9972667694       17.8621292114
       20.9704666138      784.8834228516      463.8411560059      313.3212890625      228.6654357910      175.3272247314      138.9186096191      112.4661865234       92.2393569946       76.1633911133       63.0057487488       52.0689353943       42.9338035583       35.3067054749       28.9539699554       23.6794433594       19.3153305054
       22.2194671631      814.9869384766      480.6128845215      324.4555969238      236.8391113281      181.7504882812      144.1991424561      116.9867858887       96.2069320679       79.7077331543       66.1986236572       54.9410705566       45.5011711121       37.5844192505       30.9596462250       25.4330253601       20.8381156921
       23.5428810120      845.5421142578      497.5904541016      335.7150878906      245.1056060791      188.2408905029      149.5303802490      121.5481948853      100.2143936157       83.2928695679       69.4384841919       57.8687210083       48.1313247681       39.9296989441       33.0352478027       27.2568721771       22.4299411774
       24.9450950623      876.5367431641      514.7695312500      347.0972595215      253.4612884521      194.7915191650      154.9099884033      126.1459274292      104.2574310303       86.9142456055       72.7201919556       60.8470230103       50.8201980591       42.3394279480       35.1785049438       29.1494770050       24.0899486542
       26.4308242798      907.9414672852      532.1367797852      358.5964660645      261.8994140625      201.3966522217      160.3358001709      130.7762451172      108.3318557739       90.5676956177       76.0388565063       63.8710708618       53.5635795593       44.8102722168       37.3869895935       31.1091747284       25.8171176910
       28.0050697327      939.7311401367      549.6710205078      370.1999511719      270.4098815918      208.0527496338      165.8050689697      135.4358673096      112.4333877563       94.2491607666       79.3896102905       66.9358367920       56.3569869995       47.3386344910       39.6579551697       33.1340217590       27.6101989746
       29.6730213165      971.8888549805      567.3637695312      381.8944091797      278.9834594727      214.7578430176      171.3138885498      140.1220397949      116.5574035645       97.9543991089       82.7675857544       70.0360260010       59.1955451965       49.9204139709       41.9882278442       35.2216567993       29.4675655365
       31.4403762817     1004.3854370117      585.2080688477      393.6762695312      287.6170959473      221.5118560791      176.8578491211      144.8329162598      120.7000961304      101.6797332764       86.1684341431       73.1667251587       62.0745124817       52.5516090393       44.3745918274       37.3697052002       31.3875465393
       33.3129653931     1037.2019042969      603.1810913086      405.5407104492      296.3103332520      228.3125457764      182.4315032959      149.5666198730      124.8573684692      105.4208831787       89.5876617432       76.3226089478       64.9886474609       55.2275924683       46.8133010864       39.5752258301       33.3679809570
       35.2970848083     1070.3186035156      621.2734985352      417.4759521484      305.0594177246      235.1552429199      188.0299224854      154.3214263916      129.0259552002      109.1740493774       93.0211639404       79.4988021851       67.9328613281       57.9437408447       49.3004684448       41.8351783752       35.4065818787
       37.3993759155     1103.7065429688      639.4797973633      429.4714355469      313.8536071777      242.0323028564      193.6502227783      159.0952911377      133.2031860352      112.9351654053       96.4650268555       82.6905059814       70.9019317627       60.6951789856       51.8319549561       44.1461753845       37.5007438660
       39.6269187927     1137.3417968750      657.7797241211      441.5242614746      322.6831970215      248.9368286133      199.2916870117      163.8855285645      137.3871765137      116.7005920410       99.9155197144       85.8931579590       73.8907546997       63.4769973755       54.4034004211       46.5046768188       39.6476593018
       41.9870986938     1171.1988525391      676.1641845703      453.6248474121      331.5467529297      255.8660125732      204.9545288086      168.6883544922      141.5762329102      120.4665527344      103.3690032959       89.1024169922       76.8941497803       66.2839813232       57.0102043152       48.9067382812       41.8441810608
       44.4878501892     1205.2722167969      694.6137695312      465.7595520020      340.4436035156      262.8199462891      210.6383209229      173.4999389648      145.7694549561      124.2301559448      106.8219223022       92.3143615723       79.9073486328       69.1111068726       59.6476478577       51.3483505249       44.0869674683
       47.1375427246     1239.5434570312      713.1259155273      477.9260864258      349.3636474609      269.7966308594      216.3400421143      178.3166809082      149.9658966064      127.9888839722      110.2710037231       95.5252532959       82.9256134033       71.9533081055       62.3109207153       53.8252449036       46.3724746704
       49.9451026917     1273.9713134766      731.6965942383      490.1201477051      358.2971496582      276.7898864746      222.0541229248      183.1367645264      154.1643371582      131.7409820557      113.7129974365       98.7318191528       85.9446868896       74.8055801392       64.9951553345       56.3330802917       48.6969909668
       52.9198303223     1308.5078125000      750.3121948242      502.3331604004      367.2439880371      283.7929077148      227.7744903564      187.9602508545      158.3629608154      135.4851379395      117.1448440552      101.9307098389       88.9603881836       77.6630706787       67.6953506470       58.8672142029       51.0564956665
       56.0717353821     1343.1579589844      768.9351806641      514.5528564453      376.2029724121      290.8037109375      233.4992523193      192.7882080078      162.5594482422      139.2208709717      120.5638885498      105.1190261841       91.9690475464       80.5210800171       70.4065856934       61.4230651855       53.4468841553
       59.4114227295     1377.9759521484      787.5562133789      526.7638549805      385.1652221680      297.8208618164      239.2301483154      197.6214752197      166.7508544922      142.9479370117      123.9680252075      108.2940216064       94.9673156738       83.3752899170       73.1240463257       63.9959068298       55.8639411926
       62.9499626160     1412.9471435547      806.2047119141      538.9748535156      394.1249084473      304.8388366699      244.9676513672      202.4578552246      170.9348907471      146.6659698486      127.3554382324      111.4526596069       97.9519653320       86.2213821411       75.8428268433       66.5808715820       58.3031616211
       66.6992645264     1447.9267578125      824.9117431641      551.1990356445      403.0697631836      311.8542480469      250.7071685791      207.2930145264      175.1102752686      150.3742065430      130.7250518799      114.5925216675      100.9201354980       89.0555267334       78.5582885742       69.1731948853       60.7600593567
       70.6717987061     1482.8016357422      843.6177368164      563.4230957031      412.0007934570      318.8681640625      256.4406738281      212.1217498779      179.2773895264      154.0713195801      134.0762634277      117.7110900879      103.8690567017       91.8740692139       81.2658157349       71.7679672241       63.2299728394
       74.8810119629     1517.7159423828      862.2102050781      575.5918579102      420.9349060059      325.8729248047      262.1651000977      216.9429779053      183.4380645752      157.7555389404      137.4089813232      120.8064041138      106.7961654663       94.6737976074       83.9612503052       74.3605270386       65.7082519531
       79.3409957886     1552.8876953125      880.7055053711      587.6853027344      429.8612670898      332.8534851074      267.8833618164      221.7593078613      187.5932922363      161.4248199463      140.7233886719      123.8767776489      109.6990966797       97.4517517090       86.6404800415       76.9462051392       68.1902236938
       84.0665435791     1588.2276611328      899.2658081055      599.7711791992      438.7435607910      339.8140563965      273.5961303711      226.5718994141      191.7413330078      165.0770568848      144.0192260742      126.9210815430      112.5754852295      100.2052078247       89.2997894287       79.5205154419       70.6711807251
       89.0735473633     1623.3453369141      917.9577026367      611.9138183594      447.5550231934      346.7709045410      279.2976379395      231.3750152588      195.8779296875      168.7119903564      147.2965393066      129.9391326904      115.4236068726      102.9320526123       91.9360961914       82.0793151855       73.1466674805
       94.3788528442     1658.0700683594      936.5832519531      624.0448608398      456.3452148438      353.7218627930      284.9786682129      236.1606903076      199.9998321533      172.3313446045      150.5549621582      132.9314422607      118.2422256470      105.6304779053       94.5466995239       84.6189575195       75.6124649048
      100.0000534058     1692.8195800781      954.9087524414      636.0101318359      465.1689758301      360.6338500977      290.6313171387      240.9307556152      204.1084899902      175.9383544922      153.7940063477      135.8989868164      121.0302581787      108.2989044189       97.1292343140       87.1359100342       78.0643463135
