               #####        0.0000000000        0.2666666806        0.5333333611        0.8000000119        1.0666667223        1.3333333731        1.6000000238        1.8666666746        2.1333334446        2.4000000954        2.6666667461        2.9333333969        3.2000000477        3.4666666985        3.7333333492        4.0000000000
        0.0009999999        0.0000002157        0.0000001599        0.0000001198        0.0000000916        0.0000000717        0.0000000573        0.0000000467        0.0000000387        0.0000000326        0.0000000278        0.0000000240        0.0000000209        0.0000000184        0.0000000163        0.0000000145        0.0000000130
        0.0010843660        0.0000002948        0.0000002189        0.0000001642        0.0000001257        0.0000000984        0.0000000787        0.0000000642        0.0000000532        0.0000000448        0.0000000382        0.0000000330        0.0000000287        0.0000000252        0.0000000223        0.0000000199        0.0000000179
        0.0011758497        0.0000004029        0.0000002996        0.0000002250        0.0000001723        0.0000001350        0.0000001080        0.0000000881        0.0000000731        0.0000000616        0.0000000525        0.0000000453        0.0000000395        0.0000000347        0.0000000307        0.0000000274        0.0000000246
        0.0012750509        0.0000005508        0.0000004101        0.0000003083        0.0000002363        0.0000001852        0.0000001482        0.0000001210        0.0000001004        0.0000000845        0.0000000721        0.0000000622        0.0000000542        0.0000000476        0.0000000422        0.0000000376        0.0000000337
        0.0013826219        0.0000007528        0.0000005612        0.0000004223        0.0000003239        0.0000002540        0.0000002034        0.0000001660        0.0000001378        0.0000001161        0.0000000990        0.0000000854        0.0000000744        0.0000000654        0.0000000579        0.0000000516        0.0000000463
        0.0014992683        0.0000010287        0.0000007677        0.0000005783        0.0000004439        0.0000003482        0.0000002789        0.0000002277        0.0000001890        0.0000001592        0.0000001359        0.0000001172        0.0000001021        0.0000000898        0.0000000795        0.0000000709        0.0000000636
        0.0016257558        0.0000014053        0.0000010500        0.0000007915        0.0000006079        0.0000004771        0.0000003822        0.0000003121        0.0000002591        0.0000002183        0.0000001863        0.0000001608        0.0000001401        0.0000001231        0.0000001090        0.0000000972        0.0000000872
        0.0017629144        0.0000019193        0.0000014354        0.0000010829        0.0000008322        0.0000006533        0.0000005236        0.0000004276        0.0000003551        0.0000002992        0.0000002553        0.0000002203        0.0000001920        0.0000001687        0.0000001494        0.0000001332        0.0000001195
        0.0019116437        0.0000026201        0.0000019614        0.0000014808        0.0000011385        0.0000008941        0.0000007168        0.0000005855        0.0000004863        0.0000004098        0.0000003497        0.0000003018        0.0000002630        0.0000002311        0.0000002047        0.0000001825        0.0000001637
        0.0020729215        0.0000035748        0.0000026784        0.0000020235        0.0000015565        0.0000012228        0.0000009805        0.0000008010        0.0000006654        0.0000005607        0.0000004786        0.0000004130        0.0000003599        0.0000003163        0.0000002801        0.0000002498        0.0000002241
        0.0022478057        0.0000048744        0.0000036550        0.0000027630        0.0000021263        0.0000016709        0.0000013401        0.0000010950        0.0000009096        0.0000007666        0.0000006543        0.0000005647        0.0000004921        0.0000004325        0.0000003831        0.0000003416        0.0000003064
        0.0024374432        0.0000066417        0.0000049838        0.0000037696        0.0000029022        0.0000022812        0.0000018300        0.0000014955        0.0000012424        0.0000010472        0.0000008939        0.0000007714        0.0000006723        0.0000005909        0.0000005233        0.0000004667        0.0000004187
        0.0026430807        0.0000090420        0.0000067896        0.0000051381        0.0000039573        0.0000031114        0.0000024964        0.0000020403        0.0000016953        0.0000014290        0.0000012198        0.0000010527        0.0000009174        0.0000008064        0.0000007142        0.0000006369        0.0000005714
        0.0028660672        0.0000122980        0.0000092403        0.0000069960        0.0000053901        0.0000042390        0.0000034016        0.0000027806        0.0000023105        0.0000019477        0.0000016626        0.0000014350        0.0000012506        0.0000010992        0.0000009736        0.0000008681        0.0000007789
        0.0031078660        0.0000167085        0.0000125615        0.0000095147        0.0000073330        0.0000057682        0.0000046295        0.0000037847        0.0000031451        0.0000026514        0.0000022634        0.0000019535        0.0000017025        0.0000014965        0.0000013254        0.0000011819        0.0000010604
        0.0033700645        0.0000226735        0.0000170551        0.0000129237        0.0000099632        0.0000078388        0.0000062922        0.0000051445        0.0000042754        0.0000036044        0.0000030770        0.0000026559        0.0000023147        0.0000020346        0.0000018021        0.0000016070        0.0000014417
        0.0036543836        0.0000307275        0.0000231246        0.0000175294        0.0000135175        0.0000106372        0.0000085397        0.0000069827        0.0000058034        0.0000048928        0.0000041771        0.0000036055        0.0000031423        0.0000027621        0.0000024464        0.0000021816        0.0000019573
        0.0039626877        0.0000415815        0.0000313071        0.0000237403        0.0000183114        0.0000144122        0.0000115717        0.0000094626        0.0000078649        0.0000066311        0.0000056613        0.0000048867        0.0000042590        0.0000037438        0.0000033159        0.0000029569        0.0000026529
        0.0042970041        0.0000561803        0.0000423161        0.0000320985        0.0000247639        0.0000194937        0.0000156534        0.0000128014        0.0000106406        0.0000089717        0.0000076598        0.0000066118        0.0000057626        0.0000050655        0.0000044867        0.0000040010        0.0000035896
        0.0046595256        0.0000757732        0.0000570954        0.0000433216        0.0000334295        0.0000263189        0.0000211362        0.0000172864        0.0000143692        0.0000121160        0.0000103445        0.0000089294        0.0000077826        0.0000068413        0.0000060595        0.0000054036        0.0000048481
        0.0050526289        0.0001020073        0.0000768895        0.0000583559        0.0000450393        0.0000354640        0.0000284830        0.0000232966        0.0000193660        0.0000163297        0.0000139425        0.0000120354        0.0000104898        0.0000092211        0.0000081675        0.0000072834        0.0000065346
        0.0054788995        0.0001370467        0.0001033335        0.0000784445        0.0000605541        0.0000476862        0.0000383025        0.0000313299        0.0000260450        0.0000219622        0.0000187520        0.0000161872        0.0000141087        0.0000124023        0.0000109852        0.0000097962        0.0000087891
        0.0059411330        0.0001837209        0.0001385657        0.0001052135        0.0000812309        0.0000639760        0.0000513908        0.0000420378        0.0000349480        0.0000294703        0.0000251630        0.0000217218        0.0000189327        0.0000166430        0.0000147415        0.0000131459        0.0000117945
        0.0064423629        0.0002457146        0.0001853707        0.0001407806        0.0001087060        0.0000856235        0.0000687846        0.0000562687        0.0000467803        0.0000394490        0.0000336838        0.0000290776        0.0000253443        0.0000222793        0.0000197339        0.0000175981        0.0000157890
        0.0069858800        0.0003278015        0.0002473566        0.0001878894        0.0001451006        0.0001143004        0.0000918275        0.0000751221        0.0000624564        0.0000526694        0.0000449729        0.0000388234        0.0000338390        0.0000297469        0.0000263485        0.0000234968        0.0000210814
        0.0075752512        0.0004361335        0.0003291727        0.0002500763        0.0001931476        0.0001521608        0.0001222510        0.0001000148        0.0000831544        0.0000701254        0.0000598789        0.0000516916        0.0000450554        0.0000396072        0.0000350824        0.0000312855        0.0000280696
        0.0082143452        0.0005785901        0.0004367748        0.0003318704        0.0002563482        0.0002019645        0.0001622730        0.0001327618        0.0001103837        0.0000930898        0.0000794888        0.0000686209        0.0000598117        0.0000525793        0.0000465727        0.0000415323        0.0000372632
        0.0089073535        0.0007651946        0.0005777387        0.0004390334        0.0003391555        0.0002672216        0.0002147149        0.0001756719        0.0001460641        0.0001231820        0.0001051855        0.0000908049        0.0000791483        0.0000695780        0.0000616297        0.0000549599        0.0000493106
        0.0096588321        0.0010086031        0.0007616297        0.0005788399        0.0004471925        0.0003523640        0.0002831386        0.0002316600        0.0001926195        0.0001624464        0.0001387147        0.0001197510        0.0001043791        0.0000917583        0.0000812764        0.0000724805        0.0000650303
        0.0104737049        0.0013246443        0.0010004101        0.0007603866        0.0005874902        0.0004629336        0.0003719982        0.0003043707        0.0002530808        0.0002134391        0.0001822594        0.0001573436        0.0001371467        0.0001205642        0.0001067920        0.0000952349        0.0000854459
        0.0113573298        0.0017329216        0.0013088934        0.0009949380        0.0007687542        0.0006057916        0.0004868080        0.0003983166        0.0003312003        0.0002793249        0.0002385221        0.0002059159        0.0001794847        0.0001577836        0.0001397600        0.0001246352        0.0001118245
        0.0123155033        0.0022573974        0.0017051847        0.0012962592        0.0010016223        0.0007893220        0.0006343058        0.0005190106        0.0004315622        0.0003639702        0.0003108045        0.0002683183        0.0002338779        0.0002056006        0.0001821151        0.0001624069        0.0001457139
        0.0133545147        0.0029269292        0.0022110818        0.0016809208        0.0012988985        0.0010236148        0.0008226000        0.0006730877        0.0005596835        0.0004720278        0.0004030796        0.0003479807        0.0003033158        0.0002666435        0.0002361855        0.0002106260        0.0001889768
        0.0144811822        0.0037756346        0.0028523477        0.0021685029        0.0016757100        0.0013205891        0.0010612683        0.0008683839        0.0007220798        0.0006089926        0.0005200398        0.0004489540        0.0003913293        0.0003440161        0.0003047202        0.0002717443        0.0002438132
        0.0157029033        0.0048429444        0.0036587457        0.0027816179        0.0021495216        0.0016940045        0.0013613653        0.0011139434        0.0009262704        0.0007812059        0.0006670998        0.0005759125        0.0005019926        0.0004413001        0.0003908919        0.0003485909        0.0003127612
        0.0170276947        0.0061731711        0.0046636998        0.0035456470        0.0027399305        0.0021592956        0.0017352902        0.0014199088        0.0011806879        0.0009957786        0.0008503309        0.0007340974        0.0006398741        0.0005625112        0.0004982575        0.0004443377        0.0003986667
        0.0184642505        0.0078144297        0.0059034694        0.0044881045        0.0034681696        0.0027331798        0.0021964686        0.0017972608        0.0014944597        0.0012604069        0.0010763045        0.0009291808        0.0008099174        0.0007119953        0.0006306662        0.0005624173        0.0005046095
        0.0200219974        0.0098168701        0.0074157929        0.0056375959        0.0043562977        0.0034330150        0.0027588350        0.0022573930        0.0018770547        0.0015830740        0.0013518359        0.0011670459        0.0010172498        0.0008942590        0.0007921098        0.0007063893        0.0006337830
        0.0217111744        0.0122304540        0.0092381835        0.0070225094        0.0054261754        0.0042759888        0.0034361798        0.0028115765        0.0023378385        0.0019716742        0.0016836636        0.0014535079        0.0012669390        0.0011137570        0.0009865334        0.0008797717        0.0007893436
        0.0235428624        0.0151028372        0.0114063034        0.0086697582        0.0066984934        0.0052783475        0.0042415247        0.0034704469        0.0028856434        0.0024336497        0.0020781390        0.0017940478        0.0015637610        0.0013746868        0.0012176544        0.0010858793        0.0009742649
        0.0255290754        0.0184788238        0.0139535191        0.0106044337        0.0081924880        0.0064551639        0.0051869368        0.0042438521        0.0035286418        0.0029758844        0.0025411341        0.0021937317        0.0019121298        0.0016809271        0.0014889077        0.0013277744        0.0011912942
        0.0276828632        0.0224031229        0.0169129539        0.0128513435        0.0099271173        0.0078212665        0.0062842672        0.0051414520        0.0042748461        0.0036051229        0.0030784016        0.0026575208        0.0023163662        0.0020362746        0.0018036551        0.0016084542        0.0014431202
        0.0300183576        0.0269281548        0.0203233641        0.0154394675        0.0119245099        0.0093939425        0.0075473278        0.0061745010        0.0051335865        0.0043292181        0.0036966375        0.0031911896        0.0027815003        0.0024451488        0.0021658097        0.0019314074        0.0017328720
        0.0325508825        0.0321280025        0.0242396686        0.0184099525        0.0142161222        0.0111977998        0.0089957872        0.0073590348        0.0061181635        0.0051593664        0.0044053905        0.0038029745        0.0033147063        0.0029138534        0.0025809528        0.0023016101        0.0020650132
        0.0352970622        0.0381178483        0.0287475958        0.0218272302        0.0168513395        0.0132715274        0.0106606130        0.0087203216        0.0072495458        0.0061132293        0.0052197264        0.0045058727        0.0039273077        0.0034523387        0.0030578962        0.0027269183        0.0024465921
        0.0382749364        0.0450767428        0.0339808762        0.0257920902        0.0199075509        0.0156758465        0.0125904530        0.0102980798        0.0085607106        0.0072185881        0.0061633512        0.0053203385        0.0046371254        0.0040762676        0.0036105104        0.0032197004        0.0028887040
        0.0415040329        0.0532717258        0.0401394106        0.0304554440        0.0235007852        0.0185018666        0.0148583427        0.0121519696        0.0101012057        0.0085171964        0.0072718998        0.0062771216        0.0054709548        0.0048091896        0.0042596511        0.0037985523        0.0034080318
        0.0450055674        0.0630829260        0.0475081354        0.0360326357        0.0277967304        0.0218797754        0.0175686833        0.0143672898        0.0119418874        0.0100687714        0.0085963374        0.0074202050        0.0064671240        0.0056847916        0.0050351536        0.0044900784        0.0040284432
        0.0488025099        0.0750266239        0.0564743280        0.0428164974        0.0330208018        0.0259867273        0.0208635721        0.0170601606        0.0141792214        0.0119546149        0.0102060614        0.0088094808        0.0076778228        0.0067489482        0.0059776474        0.0053305067        0.0047824411
        0.0529197752        0.0897624120        0.0675328150        0.0511812121        0.0394610241        0.0310490914        0.0249245800        0.0203789528        0.0169364717        0.0142786186        0.0121897459        0.0105214762        0.0091697425        0.0080602728        0.0071390443        0.0063661281        0.0057115545
        0.0573844090        0.1080386713        0.0812442303        0.0615502894        0.0474431515        0.0373227410        0.0299568754        0.0244912822        0.0203528516        0.0171581060        0.0146475211        0.0126426015        0.0110181784        0.0096849464        0.0085779559        0.0076492042        0.0068626706
        0.0622257069        0.1304889470        0.0980802327        0.0742782876        0.0572389401        0.0450206250        0.0361308828        0.0295362081        0.0245437752        0.0206902772        0.0176623091        0.0152443890        0.0132854516        0.0116777364        0.0103428783        0.0092229769        0.0082745785
        0.0674754456        0.1571902633        0.1180880144        0.0893947259        0.0688676611        0.0541559607        0.0434561633        0.0355209298        0.0295148566        0.0248796530        0.0212378409        0.0183299836        0.0159742516        0.0140409721        0.0124358572        0.0110892542        0.0099488944
        0.0731680468        0.1870497912        0.1404244155        0.1062484831        0.0818205103        0.0643246844        0.0516062379        0.0421773233        0.0350425914        0.0295373872        0.0252126511        0.0217598621        0.0189628843        0.0166676212        0.0147620495        0.0131634343        0.0118096946
        0.0793409497        0.2175199389        0.1631390899        0.1233419180        0.0949319750        0.0746036917        0.0598367341        0.0488948561        0.0406184383        0.0342341065        0.0292197689        0.0252170265        0.0219749231        0.0193146020        0.0171060953        0.0152534321        0.0136846155
        0.0860346332        0.2456057966        0.1839374155        0.1389120668        0.1068294197        0.0839055702        0.0672705844        0.0549540631        0.0456431247        0.0384637453        0.0328266844        0.0283278581        0.0246845540        0.0216953997        0.0192141421        0.0171328243        0.0153704844
        0.0932930410        0.2706930935        0.2023241222        0.1525643617        0.1171978563        0.0919765085        0.0737007335        0.0601837486        0.0499732532        0.0421047583        0.0359292328        0.0310022011        0.0270130467        0.0237407126        0.0210247487        0.0187467802        0.0168180708
        0.1011637598        0.2976241708        0.2219343930        0.1670490205        0.1281550527        0.1004813313        0.0804627389        0.0656754076        0.0545156673        0.0459215119        0.0391798504        0.0338031352        0.0294511113        0.0258818474        0.0229199044        0.0204359200        0.0183329731
        0.1096985489        0.3363582492        0.2502740920        0.1880618483        0.1440964937        0.1128806993        0.0903358608        0.0737021118        0.0611598492        0.0515072048        0.0439387970        0.0379048511        0.0330221243        0.0290183984        0.0256964099        0.0229107961        0.0205526911
        0.1189533919        0.3953090906        0.2936641872        0.2203878015        0.1687082052        0.1320730448        0.1056457460        0.0861647725        0.0714852586        0.0601932071        0.0513425544        0.0442882106        0.0385808870        0.0339017138        0.0300197192        0.0267647989        0.0240095910
        0.1289889514        0.4696741700        0.3483860493        0.2611472607        0.1997355223        0.1562652886        0.1249423102        0.1018716693        0.0844979212        0.0711394548        0.0606726669        0.0523322821        0.0455857478        0.0400553495        0.0354676433        0.0316213109        0.0283656903
        0.1398712546        0.5374062657        0.3976218998        0.2974604070        0.2271732986        0.1775435209        0.1418494582        0.1155963317        0.0958465561        0.0806729123        0.0687906817        0.0593264364        0.0516732447        0.0454011187        0.0401990488        0.0358382352        0.0321475305
        0.1516716480        0.5839770436        0.4302307963        0.3207613826        0.2443484217        0.1906189919        0.1521002799        0.1238377914        0.1026145071        0.0863304511        0.0735912323        0.0634518415        0.0552572235        0.0485441275        0.0429780707        0.0383132324        0.0343659371
        0.1644675881        0.6349890232        0.4654762149        0.3456484973        0.2625151277        0.2043460160        0.1628019810        0.1324067414        0.1096306667        0.0921829715        0.0785496011        0.0677081347        0.0589518808        0.0517822765        0.0458399430        0.0408611819        0.0366491713
        0.1783430725        0.7303746939        0.5334495306        0.3949526250        0.2992894351        0.2325922698        0.1850904971        0.1504102647        0.1244648695        0.1046130955        0.0891150758        0.0767990425        0.0668568239        0.0587192290        0.0519765317        0.0463284217        0.0415509418
        0.1933890879        0.8529477715        0.6208719015        0.4584048986        0.3466383219        0.2689726353        0.2138039172        0.1736070961        0.1435802430        0.1206318066        0.1027315482        0.0885155946        0.0770451650        0.0676601529        0.0598860048        0.0533752367        0.0478689559
        0.2097046673        0.9439681172        0.6828860044        0.5016206503        0.3778322935        0.2923338115        0.2318931222        0.1880184710        0.1553366780        0.1304121315        0.1110014692        0.0956044272        0.0831922144        0.0730435476        0.0646411553        0.0576069988        0.0516598672
        0.2273965180        1.0371602774        0.7446861863        0.5435826182        0.4074420035        0.3141031265        0.2485100478        0.2011149228        0.1659354419        0.1391779184        0.1183818206        0.1019109264        0.0886482671        0.0778136775        0.0688492954        0.0613484532        0.0550092012
        0.2465810627        1.1968473196        0.8545780182        0.6208378077        0.4636060596        0.3563970625        0.2813946307        0.2273927778        0.1874192059        0.1570788920        0.1335356832        0.1149114072        0.0999284238        0.0876968876        0.0775820091        0.0691218898        0.0619741082
        0.2673841417        1.3528470993        0.9587395191        0.6919893026        0.5140619874        0.3936369717        0.3099044859        0.2499116361        0.2056726664        0.1721931994        0.1462720037        0.1258013248        0.1093541235        0.0959403515        0.0848561004        0.0755904615        0.0677655414
        0.2899422944        1.5093779564        1.0596358776        0.7584708929        0.5596628189        0.4263501167        0.3343807757        0.2689032555        0.2208606601        0.1846431047        0.1566850990        0.1346558183        0.1169868633        0.1025955975        0.0907155275        0.0807922632        0.0724169314
        0.3144034445        1.7352869511        1.2085815668        0.8588559628        0.6299569607        0.4776738882        0.3733318448        0.2994624078        0.2455055565        0.2049723566        0.1737679094        0.1492319256        0.1295838207        0.1136001199        0.1004178002        0.0894147158        0.0801331177
        0.3409285843        1.9600549936        1.3509931564        0.9508397579        0.6917824745        0.5212050080        0.4053852856        0.3240122795        0.2649396956        0.2207792103        0.1869111210        0.1603586823        0.1391437054        0.1219151840        0.1077250987        0.0958929285        0.0859198198
        0.3696912229        2.2481667995        1.5344488621        1.0698602200        0.7720829248        0.5779200792        0.4472500980        0.3561382592        0.2904084325        0.2415170074        0.2041684389        0.1749771982        0.1517092884        0.1328482181        0.1173354387        0.1044144630        0.0935327858
        0.4008804262        2.5728161335        1.7370269299        1.1981754303        0.8565022349        0.6361288428        0.4893134236        0.3878477216        0.3151904643        0.2614719570        0.2206329703        0.1888341159        0.1635622233        0.1431234330        0.1263426542        0.1123846099        0.1006419882
        0.4347013533        2.9687886238        1.9832291603        1.3532264233        0.9577872753        0.7054446936        0.5390481949        0.4251066744        0.3441585302        0.2847004533        0.2397360206        0.2048713267        0.1772538722        0.1549753696        0.1367206126        0.1215600297        0.1088211015
        0.4713751674        3.4305949211        2.2667064667        1.5286858082        1.0701123476        0.7807171941        0.5919860601        0.4640648961        0.3739953041        0.3083347380        0.2589856386        0.2209106237        0.1908686012        0.1667090207        0.1469607204        0.1305906624        0.1168556213
        0.5111432672        3.9889633656        2.6082692146        1.7386620045        1.2032810450        0.8690038919        0.6534006000        0.5088006854        0.4079502225        0.3350291550        0.2805954814        0.2388298661        0.2060220987        0.1797311306        0.1583001316        0.1405738145        0.1257261336
        0.5542663932        4.6547889709        3.0134072304        1.9852926731        1.3576034307        0.9697198868        0.7223219275        0.5582211614        0.4449342489        0.3637554049        0.3036195338        0.2577698231        0.2219383121        0.1933419406        0.1701075435        0.1509389132        0.1349155754
        0.6010276675        5.4522190094        3.4974517822        2.2779276371        1.5387270451        1.0863163471        0.8009127378        0.6137264967        0.4858873487        0.3951690793        0.3285324872        0.2780867219        0.2388936132        0.2077623010        0.1825641096        0.1618379056        0.1445538104
        0.6517337561        6.4086971283        4.0781540871        2.6274948120        1.7532547712        1.2227985859        0.8916461468        0.6768835783        0.5318333507        0.4299616516        0.3558177948        0.3001304567        0.2571497858        0.2231944203        0.1958305538        0.1734018475        0.1547502130
        0.7067179680        7.5537848473        4.7749953270        3.0460309982        2.0083773136        1.3834111691        0.9970289469        0.7491825819        0.5836650133        0.4686712623        0.3858006299        0.3240967095        0.2768228650        0.2397048771        0.2099425346        0.1856471002        0.1655089855
        0.7663409710        8.9210977554        5.6109580994        3.5481555462        2.3130316734        1.5735361576        1.1203027964        0.8325917721        0.6425915956        0.5120510459        0.4189561903        0.3502888083        0.2981086671        0.2574210763        0.2249834985        0.1986284256        0.1768660694
        0.8309937716       10.5477514267        6.6125059128        4.1512365341        2.6780805588        1.7998301983        1.2655329704        0.9296102524        0.7101677060        0.5610815883        0.4559124112        0.3791154027        0.3212769330        0.2765238285        0.2410763800        0.2124305964        0.1888807416
        0.9011018872       12.4734764099        7.8094005585        4.8755187988        3.1165075302        2.0703868866        1.4377230406        1.0433406830        0.7883352637        0.6169938445        0.4974607229        0.4110924304        0.3466691673        0.2972424924        0.2583773434        0.2271614671        0.2016285360
        0.9771238565       14.7392396927        9.2342395782        5.7441520691        3.6435990334        2.3949289322        1.6429667473        1.1775977612        0.8794971108        0.6813167334        0.5445858240        0.4468625784        0.3747103214        0.3198615611        0.2770794034        0.2429535538        0.2152014226
        1.0595599413       17.3856010437       10.9217586517        6.7831034660        4.2771024704        2.7850077152        1.8886150122        1.3370286226        0.9865977764        0.7559295297        0.5984981656        0.4872136116        0.4059183002        0.3447249234        0.2974128723        0.2599622607        0.2297050655
        1.1489509344       20.4509353638       12.9079666138        8.0210332870        5.0374536514        3.2543184757        2.1835706234        1.5273524523        1.1133083105        0.8432009220        0.6607399583        0.5331600904        0.4409682751        0.3722872138        0.3196874559        0.2784011066        0.2452882230
        1.2458827496       23.9689445496       15.2284736633        9.4885778427        5.9476165771        3.8187718391        2.5384128094        1.7554738522        1.2641100883        0.9460452795        0.7332181931        0.5859606862        0.4806990623        0.4031130672        0.3442871273        0.2985337973        0.2621338665
        1.3509930372       27.9666271210       17.9167594910       11.2174882889        7.0328760147        4.4965944290        2.9655923843        2.0296740532        1.4444510937        1.0680402517        0.8182907104        0.6471794248        0.5261565447        0.4379082918        0.3716925979        0.3206906617        0.2804709077
        1.4649710655       32.4624862671       21.0020542145       13.2393207550        8.3203182220        5.3082618713        3.4795513153        2.3597745895        1.6608958244        1.2135471106        0.9188559651        0.7187509537        0.5786404014        0.4775523245        0.4025036097        0.3452840745        0.3005850613
        1.5885648727       37.4660263062       24.5075035095       15.5839757919        9.8381395340        6.2763462067        4.0968279839        2.7573270798        1.9213165045        1.3878718615        1.0384805202        0.8030773997        0.6397763491        0.5231528878        0.4374807477        0.3728402257        0.3228433430
        1.7225850821       42.9782447815       28.4484405518       18.2778663635       11.6145181656        7.4250464439        4.8359665871        3.2356882095        2.2350168228        1.5973863602        1.1814978123        0.9031029940        0.7115702629        0.5760830641        0.4775694311        0.4040146768        0.3477034569
        1.8679137230       48.9941177368       32.8316802979       21.3422489166       13.6763610840        8.7795724869        5.7173566818        3.8100881577        2.6128826141        1.8496879339        1.3531484604        1.0224273205        0.7964950800        0.6380470991        0.5239499807        0.4396294057        0.3757415116
        2.0255012512       55.5060157776       37.6555557251       24.7915916443       16.0477104187       10.3651762009        6.7628121376        4.4975409508        3.0674486160        2.1537215710        1.5597062111        1.1654145718        0.8975790143        0.7111485600        0.5780883431        0.4807109833        0.4076802731
        2.1963858604       62.5089530945       42.9118690491       28.6328506470       18.7483463287       12.2060880661        7.9950251579        5.3166704178        3.6129274368        2.5198881626        1.8086037636        1.3373091221        1.0185008049        0.7979637980        0.6417915225        0.5285307169        0.4444179535
        2.3816852570       70.0047225952       48.5884895325       32.8651924133       21.7923145294       14.3241539001        9.4367046356        6.2873167992        4.2651076317        2.9600946903        2.1085429192        1.5443556309        1.1636986732        0.9016343355        0.7172814608        0.5846627951        0.4870734513
        2.5826175213       78.0056152344       54.6736717224       37.4813041687       25.1872177124       16.7376403809       11.1096706390        7.4300365448        5.0411710739        3.4877564907        2.4695806503        1.7939128876        1.3384821415        1.0259624720        0.8072726727        0.6510447264        0.5370320678
        2.8005027771       86.5348968506       61.1599159241       42.4693908691       28.9339523315       19.4600677490       13.0337314606        8.7653684616        5.9593296051        4.1176848412        2.9031555653        2.0945413113        1.5491353273        1.1755101681        0.9150578976        0.7300477028        0.5960013866
        3.0367703438       95.6242446899       68.0471878052       47.8161544800       33.0273132324       22.4993972778       15.2255477905       10.3129405975        7.0382966995        4.8658475876        3.4220347404        2.4560451508        1.8030004501        1.3556914330        1.0445926189        0.8245480061        0.6660693884
        3.2929706573      105.3094787598       75.3441772461       53.5100746155       37.4575767517       25.8578453064       17.6977310181       12.0905618668        8.2966451645        5.7490262985        4.0401868820        2.8894782066        2.1085484028        1.5728659630        1.2005913258        0.9380140901        0.7497775555
        3.5707857609      115.6257324219       83.0672454834       59.5441780090       42.2126808167       29.5323410034       20.4582099915       14.1132917404        9.7520380020        6.7843255997        4.7725381851        3.4070682526        2.4753999710        1.8344069719        1.3886091709        1.0745865107        0.8501926661
        3.8720388412      126.6045684814       91.2370758057       65.9176025391       47.2806510925       33.5156021118       23.5100154877       16.3926582336       11.4204149246        7.9885625839        5.6346082687        4.0220508575        2.9142892361        2.1487379074        1.6151134968        1.2391594648        0.9709843397
        4.1987075806      138.2737731934       99.8746719360       72.6354904175       52.6517753601       37.7977790833       26.8516540527       18.9361763000       13.3152275085        9.3775873184        6.6420421600        4.7484064102        3.4369590282        2.5253260136        1.8875294924        1.4374494553        1.1164991856
        4.5529360771      150.6590423584      108.9978713989       79.7073898315       58.3199920654       42.3682479858       30.4779624939       21.7472400665       15.4468288422       10.9655885696        7.8100490570        5.6004996300        4.0559673309        2.9746136665        2.2142493725        1.6760456562        1.2918274403
        4.9370450974      163.7850494385      118.6195983887       87.1445159912       64.2831115723       47.2170982361       34.3812713623       24.8253726959       17.8220767975       12.7644395828        9.1527833939        6.5926084518        4.7843999863        3.5078744888        2.6045892239        1.9624264240        1.5028533936
        5.3535637856      177.6757354736      128.7489471436       94.9574661255       70.5423812866       52.3363876343       38.5528717041       28.1670837402       20.4444217682       14.7833271027       10.6828136444        7.7384614944        5.6355371475        4.1370210648        3.0687065125        2.3049535751        1.7562904358
        5.8052229881      192.3511047363      139.3924713135      103.1535644531       77.1009902954       57.7201728821       42.9839096069       31.7665996552       23.3140544891       17.0283889771       12.4105625153        9.0506544113        6.6223850250        4.8742785454        3.6174087524        2.7127823830        2.0596630573
        6.2949872017      207.8229370117      150.5563201904      111.7361145020       83.9626235962       63.3644294739       47.6661987305       35.6169433594       26.4285831451       19.5028419495       14.3439998627       10.5402040482        7.7572379112        5.7318520546        4.2619342804        3.1957440376        2.4212641716
        6.8260707855      224.0906372070      162.2469024658      120.7045135498       91.1300506592       69.2663040161       52.5923881531       39.7106246948       29.7837200165       22.2072563171       16.4885311127       12.2161664963        9.0512342453        6.7215204239        5.0136494637        3.7641515732        2.8500511646
        7.4019594193      241.1431427002      174.4696350098      130.0555114746       98.6039733887       75.4235534668       57.7557907104       44.0401077271       33.3739662170       25.1400375366       18.8470764160       14.0854244232       10.5139780045        7.8542428017        5.8837137222        4.4285550117        3.3554935455
        8.0264339447      258.9701232910      187.2266082764      139.7849884033      106.3821945190       81.8338775635       63.1500434875       48.5978698730       37.1931266785       28.2980060577       21.4203948975       16.1526584625       12.1532812119        9.1397991180        6.8827242851        5.1994495392        3.9473650455
        8.7035923004      277.5718688965      200.5122833252      149.8894653320      114.4592895508       88.4943923950       68.7688064575       53.3762474060       41.2345046997       31.6768188477       24.2074470520       18.4204788208       13.9750356674       10.5865030289        8.0203790665        6.0869636536        4.6354937553
        9.4378709793      296.9526062012      214.3114471436      160.3660736084      122.8269653320       95.4009246826       74.6054840088       58.3671112061       45.4908828735       35.2712554932       27.2057762146       20.8896656036       15.9832334518       12.2010269165        9.3051834106        7.1005411148        5.4294815063
       10.2341079712      317.1030273438      228.6036224365      171.2120361328      131.4758605957      102.5477828979       80.6534576416       63.5619506836       49.9545059204       39.0755043030       30.4119720459       23.5595970154       18.1802177429       13.9884309769       10.7443323135        8.2487316132        6.3384656906
       11.0975189209      337.9917602539      243.3729553223      182.4214782715      140.3965301514      109.9267807007       86.9055633545       68.9514923096       54.6166496277       43.0828094482       33.8215827942       26.4283561707       20.5667572021       15.9521255493       12.3435096741        9.5389032364        7.3708133698
       12.0337734222      359.5908203125      258.6143188477      193.9825897217      149.5809631348      117.5276336670       93.3541946411       74.5260543823       59.4676780701       47.2855262756       37.4293365479       29.4930267334       23.1423854828       18.0941028595       14.1069879532       10.9771966934        8.5339641571
       13.0490159988      381.8912048340      274.3219909668      205.8764190674      159.0225982666      125.3382644653       99.9908142090       80.2755508423       64.4969406128       51.6748542786       41.2289314270       32.7497329712       25.9055233002       20.4150791168       16.0376815796       12.5684614182        9.8342847824
       14.1499099731      404.8727416992      290.4751586914      218.0814971924      168.7150268555      133.3463592529      106.8056411743       86.1898498535       69.6930084229       56.2408370972       45.2129898071       36.1936073303       28.8536109924       22.9146575928       18.1372833252       14.3163127899       11.2770166397
       15.3436822891      428.4912719727      307.0392761230      230.5824127197      178.6497192383      141.5404357910      113.7872238159       92.2585067749       75.0437774658       60.9722557068       49.3728408813       39.8186988831       31.9830875397       25.5914325714       20.4063873291       16.2232170105       12.8662843704
       16.6381530762      452.7210998535      323.9918518066      243.3723907471      188.8131866455      149.9108276367      120.9225616455       98.4708786011       80.5367584229       65.8567657471       53.6984558105       43.6177978516       35.2893180847       28.4429855347       22.8445549011       18.2905521393       14.6051235199
       18.0418663025      477.5374145508      341.3245239258      256.4436035156      199.1865234375      158.4499511719      128.1982574463      104.8159713745       86.1596603394       70.8813095093       58.1786460876       47.5825386047       38.7666358948       31.4659957886       25.4504833221       20.5188140869       16.4956436157
       19.5639686584      502.8926086426      359.0092468262      269.7737731934      209.7491760254      167.1500091553      135.6008911133      111.2815628052       91.8999328613       76.0318832397       62.8006744385       51.7029113770       42.4079132080       34.6558456421       28.2217006683       22.9073810577       18.5388698578
       21.2145252228      528.7619018555      377.0092773438      283.3342285156      220.4888610840      176.0025177002      143.1194915771      117.8550567627       97.7457351685       81.2947082520       67.5511398315       55.9679412842       46.2050209045       38.0070381165       31.1549491882       25.4549064636       20.7351055145
       23.0042896271      555.1001586914      395.3095092773      297.1079406738      231.4004974365      184.9940032959      150.7447052002      124.5226669312      103.6848678589       86.6556396484       72.4154281616       60.3649368286       50.1481208801       41.5125274658       34.2456283569       28.1588420868       23.0835514069
       24.9450702667      581.8769531250      413.8834228516      311.0879516602      242.4778900146      194.1079864502      158.4700469971      131.2714691162      109.7055206299       92.1014251709       77.3788604736       64.8805084229       54.2263984680       45.1642951965       37.4882278442       31.0158271790       25.5826663971
       27.0495891571      609.0507202148      432.6971435547      325.2500610352      253.7017059326      203.3283691406      166.2891540527      138.0896911621      115.7953567505       97.6191787720       82.4264984131       69.5001220703       58.4276084900       48.9528465271       40.8758811951       34.0213088989       28.2298507690
       29.3316555023      636.5842285156      451.7332153320      339.5666503906      265.0473327637      212.6463928223      174.1941375732      144.9678955078      121.9417572021      103.1967010498       87.5437469482       74.2087097168       62.7384071350       52.8674583435       44.4005355835       37.1696166992       31.0214977264
       31.8062534332      664.4436035156      470.9576721191      354.0289916992      276.5044860840      222.0597839355      182.1736602783      151.8990631104      128.1321563721      108.8220291138       92.7164993286       78.9907989502       67.1444396973       56.8961563110       48.0528373718       40.4538841248       33.9529266357
       34.4896240234      692.5919799805      490.3520202637      368.6131896973      288.0692138672      231.5625457764      190.2127532959      158.8777770996      134.3548889160      114.4833221436       97.9314422607       83.8309478760       71.6305847168       61.0258255005       51.8222312927       43.8660583496       37.0183525085
       37.3993415833      720.9817504883      509.8786621094      383.2948303223      299.7184753418      241.1374511719      198.2987670898      165.8985290527      140.5999145508      120.1685791016      103.1759338379       88.7139663696       76.1811447144       65.2422943115       55.6968955994       47.3968276978       40.2107810974
       40.5545768738      749.5872802734      529.5225219727      398.0624694824      311.4324645996      250.7660217285      206.4273986816      172.9544830322      146.8603057861      125.8662261963      108.4384460449       93.6256332397       80.7804870605       69.5307846069       59.6641082764       51.0358352661       43.5222091675
       43.9760475159      778.4035034180      549.2642211914      412.8931884766      323.2082519531      260.4430847168      214.5991821289      180.0356750488      153.1315002441      131.5656280518      113.7080230713       98.5527954102       85.4131851196       73.8759841919       63.7101974487       54.7716522217       46.9434814453
       47.6861381531      807.3278198242      569.0593872070      427.7670898438      335.0229187012      270.1649169922      222.8094024658      187.1310729980      159.4105377197      137.2580718994      118.9743499756      103.4835052490       90.0644836426       78.2623596191       67.8207626343       58.5918121338       50.4643325806
       51.7091789246      836.3504638672      588.8931884766      442.6679077148      346.8652038574      279.9159240723      231.0439758301      194.2339630127      165.6943817139      142.9372863770      124.2274856567      108.4071121216       94.7206802368       82.6746139526       71.9809951782       62.4831809998       54.0736389160
       56.0716819763      865.5977783203      608.8024291992      457.5963439941      358.7296142578      289.6835632324      239.2902526855      201.3450927734      171.9777221680      148.5997619629      129.4584960938      113.3139572144       99.3694381714       87.0980072021       76.1759338379       66.4319992065       57.7595100403
       60.8022270203      894.7783813477      628.6685791016      472.5062866211      370.5885009766      299.4622497559      247.5467681885      208.4652252197      178.2520141602      154.2433624268      134.6592254639      118.1947326660      103.9993057251       91.5182266235       80.3903427124       70.4238433838       61.5090980530
       65.9318084717      923.9022216797      648.4699707031      487.3761901855      382.4318237305      309.2365722656      255.8121185303      215.5894317627      184.5097656250      159.8668518066      139.8239746094      123.0408096313      108.6003799438       95.9221496582       84.6093902588       74.4440765381       65.3090133667
       71.4942855835      953.3749389648      668.4118041992      502.2829895020      394.2758178711      319.0071411133      264.0729064941      222.7068176270      190.7501068115      165.4687347412      144.9500274658      127.8447418213      113.1641387939      100.2982254028       88.8190307617       78.4781646729       69.1455917358
       77.5259780884      982.6362915039      688.2041015625      517.1044311523      406.0728759766      328.7545471191      272.3188781738      229.8090972900      196.9758453369      171.0441894531      150.0366821289      132.6000518799      117.6829223633      104.6361846924       93.0059432983       82.5115966797       73.0046997070
       84.0665435791     1011.5596923828      707.7641601562      531.7766723633      417.7857971191      338.4561157227      280.5468750000      236.8997344971      203.1888580322      176.5873565674      155.0844421387      137.3021850586      122.1496963501      108.9272842407       97.1580810547       86.5304718018       76.8722915649
       91.1588211060     1041.0844726562      727.6122436523      546.5722656250      429.5305175781      348.1542968750      288.7585449219      243.9798583984      209.3850250244      182.0962677002      160.0941925049      141.9491424561      126.5583648682      113.1640243530      101.2647476196       90.5214996338       80.7343750000
       98.8495330811     1070.3212890625      747.2606201172      561.2335205078      441.1916503906      357.8009033203      296.9391479492      251.0318145752      215.5529632568      187.5727233887      165.0639495850      146.5408630371      130.9037933350      117.3401489258      105.3168869019       94.4726104736       84.5774459839
      107.1890792847     1098.8216552734      766.4208984375      575.5653686523      452.6452331543      367.3257446289      305.0511779785      258.0450439453      221.6896820068      193.0208892822      169.9897613525      151.0788421631      135.1824645996      121.4500427246      109.3068618774       98.3727951050       88.3885574341
      116.2323150635     1128.1979980469      786.0418090820      590.1501464844      464.2139892578      376.8864135742      313.1620178223      265.0459899902      227.8104858398      198.4454498291      174.8707122803      155.5663604736      139.3937835693      125.4894104004      113.2287597656      102.2127838135       92.1557617188
      126.0382614136     1157.3608398438      805.5196533203      604.6224975586      475.7076416016      386.3934936523      321.2330932617      272.0133972168      233.9040527344      203.8376312256      179.7079467773      160.0039367676      143.5385742188      129.4546356201      117.0777435303      105.9848327637       95.8682250977
      136.6716156006     1185.3823242188      824.1947021484      618.5439453125      486.8123779297      395.6477355957      329.1521606445      278.8940429688      239.9394378662      209.1840362549      184.5043945312      164.3894348145      147.6195831299      133.3437500000      120.8501129150      109.6830520630       99.5167465210
      148.2020568848     1214.3466796875      843.4398193359      632.7933959961      498.1159362793      405.0017089844      337.1055908203      285.7748107910      245.9649200439      214.5098419189      189.2727966309      168.7249298096      151.6421813965      137.1576538086      124.5433425903      113.3030929565      103.0935363770
      160.7051391602     1243.4073486328      862.7402954102      647.0770874023      509.4292297363      414.3592529297      345.0544433594      292.6455383301      251.9725341797      219.8168640137      194.0113372803      173.0121459961      155.6091308594      140.8980865479      128.1550598145      116.8412704468      106.5921173096
      174.2631988525     1271.0185546875      880.9671020508      660.5761718750      520.1697387695      423.2955627441      352.7178955078      299.3321533203      257.8667907715      225.0487365723      198.6914062500      177.2464294434      159.5166778564      144.5666656494      131.6834411621      120.2947006226      110.0074539185
      188.9652862549     1299.3033447266      899.6417846680      674.3650512695      531.0933227539      432.3534851074      360.4444274902      306.0424804688      263.7613220215      230.2658386230      203.3451385498      181.4476623535      163.3706970215      148.1710205078      135.1309204102      123.6623764038      113.3365936279
      204.9075469971     1328.2509765625      918.7762451172      688.4656982422      542.2229003906      441.5509033203      368.2630004883      312.8075561523      269.6819152832      235.4927825928      207.9939880371      185.6264648438      167.1775665283      151.7178649902      138.5015106201      126.9440612793      116.5776519775
      222.1945800781     1355.5521240234      936.6329956055      701.5944213867      552.6238403320      450.1810302734      375.6556091309      319.2708435059      275.4008178711      240.5848236084      212.5545959473      189.7365112305      170.9211425781      155.1992034912      141.7946624756      130.1378173828      119.7284698486
      240.9402618408     1382.9503173828      954.5809326172      714.7890625000      563.0643310547      458.8491516113      383.0729370117      325.7419738770      281.1137390137      245.6646575928      217.0910186768      193.8148651123      174.6280364990      158.6256103516      145.0209350586      133.2482452393      122.7902908325
      261.2674560547     1411.8190917969      973.5669555664      728.7257690430      574.0289916992      467.8780822754      390.7535400391      332.3977050781      286.9490661621      250.8191375732      221.6718597412      197.9085083008      178.3267517090      162.0130615234      148.1934204102      136.2829895020      125.7653503418
      283.3092956543     1438.8797607422      991.1392822266      741.5463256836      584.1282958984      476.2425537109      397.8991088867      338.6433105469      292.4842834473      255.7635345459      226.1065063477      201.9031066895      181.9468383789      165.3275451660      151.2942047119      139.2354431152      128.6487731934
      307.2112731934     1465.3739013672     1008.3156127930      754.0902709961      594.0147094727      484.4445495605      404.9368896484      344.8043823242      297.9523010254      260.6523742676      230.4955444336      205.8544616699      185.5221710205      168.5959472656      154.3352508545      142.1167907715      131.4459686279
      333.1294860840     1494.1358642578     1027.1435546875      767.8568725586      604.8124389648      493.3144531250      412.4588012695      351.3341674805      303.6900939941      265.7329406738      235.0153198242      209.8880157471      189.1409912109      171.8769836426      157.3519592285      144.9533843994      134.1732025146
      361.2343139648     1520.9528808594     1044.4552001953      780.4179077148      614.6514892578      501.4313049316      419.3919677734      357.3854980469      309.0562133789      270.5349121094      239.3315887451      213.7787780762      192.6579895020      175.0756988525      160.2908020020      147.7150115967      136.8161010742
      391.7098693848     1546.7744140625     1060.9997558594      792.3830566406      624.0196533203      509.1688842773      426.0247497559      363.2037048340      314.2361450195      275.1903686523      243.5360412598      217.5805053711      196.1035156250      178.2102813721      163.1697998047      150.4091644287      139.3829040527
      424.7568969727     1575.2647705078     1079.5721435547      805.9152832031      634.6047363281      517.8530273438      433.3805847168      369.5824584961      319.8558044434      280.1814575195      247.9893035889      221.5637664795      199.6714019775      181.4204559326      166.0877838135      153.0998077393      141.9200744629
      460.5924072266     1601.7995605469     1096.6118164062      818.2228393555      644.2098388672      525.7484741211      440.1099243164      375.4588317871      325.0694580078      284.8565368652      252.2027893066      225.3682250977      203.1114196777      184.5352325439      168.9265899658      155.7127838135      144.3817443848
      499.4503173828     1627.3076171875     1112.7792968750      829.7846069336      653.1729125977      533.0985717773      446.3762207031      380.9514465332      329.9583129883      289.2589111328      256.1940307617      228.9958953857      206.4093475342      187.5382537842      171.6693572998      158.2412872314      146.7588806152
      541.5869750977     1655.3056640625     1130.9276123047      842.9588012695      663.4470825195      541.5109252930      453.5042724609      387.1280212402      335.4092712402      294.1172790527      260.5472412109      232.9036407471      209.9207000732      190.6930084229      174.5140075684      160.8318023682      149.1525726318
      587.2785644531     1681.6087646484     1147.7276611328      855.0328979492      672.8308105469      549.2036743164      460.0449523926      392.8333435059      340.4745178223      298.6695556641      264.6634826660      236.6339416504      213.2996215820      193.7526855469      177.2866516113      163.3595581055      151.4801635742
      636.8249511719     1706.8557128906     1163.6182861328      866.3026733398      681.4992675781      556.2567138672      466.0236206055      398.0530090332      345.1213378906      302.8469543457      268.4527893066      240.0864105225      216.4500732422      196.6255187988      179.9088439941      165.7595062256      153.6976165771
      690.5507202148     1734.2807617188     1181.2510986328      879.0170288086      691.3673706055      564.3155517578      472.8408813477      403.9678344727      350.3401184082      307.5184326172      272.6591491699      243.8848724365      219.8809051514      199.7213439941      182.6997222900      168.2817993164      155.9981384277
      748.8097534180     1760.4897460938     1197.9200439453      890.9467773438      700.6093139648      571.8610839844      479.2448425293      409.5416564941      355.2859191895      311.9645996094      276.6937561035      247.5557861328      223.2212524414      202.7544250488      185.4484100342      170.7721557617      158.2677612305
      811.9846801758     1785.4433593750     1213.5290527344      901.9581298828      709.0182495117      578.6667480469      484.9819946289      414.5357360840      359.7275695801      315.9669494629      280.3204650879      250.8621368408      226.2435913086      205.5162506104      187.9697875977      173.0737609863      160.3747558594
      880.4877929688     1812.1575927734     1230.5281982422      914.1032714844      718.3856201172      586.2792968750      491.4058837891      420.1009216309      364.6446533203      320.3696594238      284.3063964844      254.4840698242      229.5379486084      208.5091857910      190.6816406250      175.5264587402      162.5962066650
      954.7711181641     1838.5067138672     1247.2426757812      926.0239868164      727.5771484375      593.7586669922      497.7268371582      425.5946350098      369.5067443848      324.7344665527      288.2660217285      258.0990600586      232.8406677246      211.5213165283      193.4203948975      178.0072174072      164.8417358398
     1035.3214111328     1863.3641357422     1262.7130126953      936.8752441406      735.8257446289      600.3925781250      503.2912597656      430.4074401855      373.7743835449      328.5795898438      291.7601318359      261.2839965820      235.7553405762      214.1896209717      195.8592681885      180.2321319580      166.8693695068
     1122.6674804688     1889.1914062500     1278.9417724609      948.3434448242      744.5839843750      607.4663696289      509.2346801758      435.5494079590      378.3172912598      332.6570129395      295.4582824707      264.6631164551      238.8503875732      217.0232238770      198.4472045898      182.5856323242      169.0043487549
     1217.3813476562     1915.7631835938     1295.7709960938      960.3287353516      753.8054809570      614.9427490234      515.5372924805      441.0122070312      383.1454162598      336.9825744629      299.3734130859      268.2387695312      242.1270599365      220.0234832764      201.1860198975      185.0752563477      171.2570800781
     1320.0882568359     1940.9135742188     1311.4086914062      971.2481689453      762.0473632812      621.5332031250      521.0274047852      445.7313232422      387.2988586426      340.7091064453      302.7601623535      271.3307189941      244.9573822021      222.6193084717      203.5642395020      187.2474060059      173.2351379395
     1431.4589843750     1965.8710937500     1326.8477783203      982.0117187500      770.1795043945      628.0352172852      526.4574584961      450.4093017578      391.4286193848      344.4175109863      306.1313476562      274.4222106934      247.8045806885      225.2438354492      205.9803314209      189.4625091553      175.2556610107
     1552.2239990234     1992.7642822266     1343.8876953125      994.1390380859      779.4890136719      635.5712280273      532.7886962891      455.8800048828      396.2528686523      348.7339172363      310.0334167480      277.9754943848      251.0653381348      228.2396087646      208.7269287109      191.9699249268      177.5336761475
     1683.1790771484     2018.0778808594     1359.5777587891     1005.0619506836      787.7183227539      642.1217651367      538.2221069336      460.5298156738      400.3335876465      352.3784484863      313.3379211426      280.9991760254      253.8378143311      230.7867736816      211.0680541992      194.1162567139      179.4926757812
     1825.1823730469     2042.2095947266     1374.3248291016     1015.2130126953      795.2988891602      648.1287841797      543.1968383789      464.7989807129      404.0897827148      355.7529296875      316.4091491699      283.8225097656      256.4503173828      233.2063598633      213.3084411621      196.1857910156      181.3949890137
     1979.1677246094     2069.5505371094     1391.6302490234     1027.5010986328      804.7128295898      655.7214355469      549.5553588867      470.2746582031      408.9033508301      360.0514831543      320.2936706543      287.3609924316      259.6913146973      236.1938629150      216.0609130859      198.7132110596      183.7040710449
     2146.1403808594     2094.6538085938     1407.1071777344     1038.2487792969      812.7685546875      662.1203613281      554.8562011719      474.8031005859      412.8735351562      363.5966796875      323.5039062500      290.3003234863      262.3996887207      238.6914367676      218.3678588867      200.8395843506      185.6569213867
     2327.2016601562     2118.8830566406     1421.8558349609     1048.3215332031      820.2327880859      667.9696044922      559.6551513672      478.8798217773      416.4288330078      366.7667236328      326.3779602051      292.9333496094      264.8327026367      240.9482574463      220.4586334229      202.7754058838      187.4432678223
     2523.5385742188     2145.8872070312     1438.8494873047     1060.3378906250      829.3934326172      675.3414916992      565.8189697266      484.1783142090      421.0874328613      370.9262390137      330.1378479004      296.3648071289      267.9849243164      243.8545379639      223.1510162354      205.2635650635      189.7332458496
     2736.4396972656     2171.2128906250     1454.4188232422     1071.0987548828      837.4290771484      681.6790771484      571.0383911133      488.6191711426      424.9584045410      374.3694763184      333.2478332520      299.2056579590      270.5991821289      246.2741241455      225.3913421631      207.3405303955      191.6526031494
     2967.2995605469     2195.7321777344     1469.3323974609     1081.2774658203      844.9440917969      687.5469970703      575.8167724609      492.6417236328      428.4399719238      377.4504089355      336.0221862793      301.7368164062      272.9278564453      248.4305572510      227.3914947510      209.1889038086      193.3587188721
     3217.6435546875     2222.5109863281     1486.0811767578     1093.0327148438      853.8475341797      694.6837768555      581.7538452148      497.7335815430      432.9052734375      381.4323425293      339.6188659668      305.0169067383      275.9472045898      251.2214202881      229.9789733887      211.5961761475      195.5907135010
     3489.1035156250     2247.8161621094     1501.5811767578     1103.6955566406      861.7890014648      700.9241943359      586.8799438477      502.0766906738      436.6832885742      384.7904357910      342.6489868164      307.7859191895      278.4990844727      253.5847167969      232.1767730713      213.6403503418      197.4929351807
     3783.4582519531     2272.4262695312     1516.4681396484     1113.8100585938      869.2186279297      706.6945800781      591.5496215820      506.0009155273      440.0612182617      387.7648620605      345.3149414062      310.2105407715      280.7268676758      255.6480407715      234.0967712402      215.4248352051      199.1434326172
     4102.6538085938     2299.0935058594     1533.0355224609     1125.3833007812      877.9266357422      713.6148071289      597.2725219727      510.8716430664      444.3122558594      391.5385131836      348.7158508301      313.3073730469      283.5705566406      258.2784118652      236.5383453369      217.6954803467      201.2594909668
     4448.7788085938     2324.5913085938     1548.6043701172     1136.0791015625      885.8827514648      719.8555297852      602.3817749023      515.1945190430      448.0617370605      394.8582153320      351.7048950195      316.0317993164      286.0791625977      260.6018371582      238.6976470947      219.7080078125      203.1375427246
     4824.1137695312     2349.2456054688     1563.5208740234     1146.1458740234      893.2208862305      725.5109252930      606.9285278320      518.9807128906      451.3062438965      397.7033691406      354.2446594238      318.3310241699      288.1842041016      262.5494995117      240.5127410889      221.4055023193      204.7195892334
     5231.0957031250     2375.5144042969     1579.6625976562     1157.3295898438      901.5479736328      732.0726318359      612.3233032227      523.5400390625      455.2567749023      401.1936035156      357.3745422363      321.1781005859      290.7994689941      264.9653320312      242.7570953369      223.4954528809      206.6683502197
     5672.4228515625     2401.5346679688     1595.6245117188     1168.2625732422      909.6921997070      738.4695434570      617.5381469727      527.9457397461      459.0695495605      404.5619812012      360.3999633789      323.9302673340      293.3254699707      267.3038940430      244.9306335449      225.5195617676      208.5577697754
     6150.9829101562     2426.2841796875     1610.5168457031     1178.3073730469      917.0107421875      744.0641479492      622.0380249023      531.6741943359      462.2493896484      407.3352966309      362.8652343750      326.1552734375      295.3590087891      269.1778869629      246.6729583740      227.1503143311      210.0860900879
     6669.9169921875     2452.0549316406     1626.2103271484     1189.0253906250      924.8580932617      750.2100219727      627.0101928711      535.8311767578      465.8256530762      410.4732666016      365.6667175293      328.6844482422      297.6742858887      271.3146667480      248.6567382812      228.9987945557      211.8115081787
     7232.6318359375     2478.6660156250     1642.5090332031     1200.2980957031      933.2288208008      756.7672729492      632.3446044922      540.3413696289      469.7106933594      413.8961486816      368.7324829102      331.4698486328      300.2230529785      273.6699523926      250.8438873291      231.0374450684      213.7151489258
     7842.8208007812     2504.0751953125     1657.8271484375     1210.5979003906      940.7809448242      762.5465087891      636.9972534180      544.1878662109      472.9845886230      416.7398376465      371.2429199219      333.7203979492      302.2697753906      275.5474243164      252.5796051025      232.6507568359      215.2229156494
     8504.4882812500     2529.3439941406     1672.9836425781     1220.8088378906      948.1654663086      768.2322998047      641.5475463867      547.9353637695      476.1568603516      419.4919128418      373.6675720215      335.8936462402      304.2443237305      277.3594970703      254.2578735352      234.2116088867      216.6762695312
     9221.9794921875     2556.3405761719     1689.5836181641     1232.2430419922      956.6896362305      774.9042968750      646.9931640625      552.5232543945      480.1122741699      422.9639892578      376.7696533203      338.6980285645      306.8056030273      279.7172241211      256.4425659180      236.2461395264      218.5751037598
    10000.0009765625     2582.1904296875     1705.1437988281     1242.7331542969      964.2944946289      780.7473144531      651.6698608398      556.3737792969      483.3710327148      425.7714843750      379.2446899414      340.9063720703      308.7962951660      281.5344238281      258.1124267578      237.7908630371      220.0099792480
