               #####        0.0000000000        0.2666666806        0.5333333611        0.8000000119        1.0666667223        1.3333333731        1.6000000238        1.8666666746        2.1333334446        2.4000000954        2.6666667461        2.9333333969        3.2000000477        3.4666666985        3.7333333492        4.0000000000
        0.0009999999        0.0000001984        0.0000001505        0.0000001147        0.0000000889        0.0000000701        0.0000000564        0.0000000462        0.0000000384        0.0000000324        0.0000000277        0.0000000239        0.0000000208        0.0000000183        0.0000000162        0.0000000145        0.0000000130
        0.0010843660        0.0000002728        0.0000002069        0.0000001578        0.0000001222        0.0000000964        0.0000000776        0.0000000635        0.0000000528        0.0000000446        0.0000000381        0.0000000329        0.0000000287        0.0000000252        0.0000000223        0.0000000199        0.0000000179
        0.0011758497        0.0000003749        0.0000002843        0.0000002168        0.0000001679        0.0000001325        0.0000001066        0.0000000873        0.0000000726        0.0000000613        0.0000000523        0.0000000452        0.0000000394        0.0000000346        0.0000000307        0.0000000274        0.0000000245
        0.0012750509        0.0000005150        0.0000003906        0.0000002978        0.0000002306        0.0000001820        0.0000001464        0.0000001199        0.0000000998        0.0000000842        0.0000000719        0.0000000621        0.0000000541        0.0000000476        0.0000000421        0.0000000376        0.0000000337
        0.0013826219        0.0000007072        0.0000005363        0.0000004090        0.0000003167        0.0000002499        0.0000002011        0.0000001646        0.0000001370        0.0000001156        0.0000000987        0.0000000852        0.0000000743        0.0000000653        0.0000000579        0.0000000516        0.0000000463
        0.0014992683        0.0000009705        0.0000007361        0.0000005613        0.0000004346        0.0000003430        0.0000002760        0.0000002260        0.0000001880        0.0000001586        0.0000001355        0.0000001170        0.0000001020        0.0000000896        0.0000000794        0.0000000708        0.0000000635
        0.0016257558        0.0000013312        0.0000010096        0.0000007698        0.0000005962        0.0000004705        0.0000003785        0.0000003099        0.0000002578        0.0000002175        0.0000001858        0.0000001604        0.0000001399        0.0000001230        0.0000001089        0.0000000971        0.0000000872
        0.0017629144        0.0000018247        0.0000013839        0.0000010553        0.0000008172        0.0000006450        0.0000005188        0.0000004248        0.0000003534        0.0000002982        0.0000002547        0.0000002199        0.0000001917        0.0000001686        0.0000001493        0.0000001332        0.0000001195
        0.0019116437        0.0000024994        0.0000018957        0.0000014455        0.0000011194        0.0000008835        0.0000007107        0.0000005819        0.0000004841        0.0000004085        0.0000003489        0.0000003013        0.0000002626        0.0000002309        0.0000002045        0.0000001824        0.0000001637
        0.0020729215        0.0000034209        0.0000025946        0.0000019784        0.0000015321        0.0000012092        0.0000009727        0.0000007965        0.0000006627        0.0000005591        0.0000004775        0.0000004123        0.0000003594        0.0000003160        0.0000002799        0.0000002497        0.0000002240
        0.0022478057        0.0000046780        0.0000035481        0.0000027055        0.0000020951        0.0000016536        0.0000013302        0.0000010893        0.0000009062        0.0000007645        0.0000006530        0.0000005639        0.0000004916        0.0000004322        0.0000003828        0.0000003414        0.0000003063
        0.0024374432        0.0000063910        0.0000048473        0.0000036962        0.0000028623        0.0000022591        0.0000018174        0.0000014881        0.0000012380        0.0000010445        0.0000008922        0.0000007704        0.0000006716        0.0000005904        0.0000005230        0.0000004664        0.0000004185
        0.0026430807        0.0000087220        0.0000066154        0.0000050444        0.0000039064        0.0000030832        0.0000024803        0.0000020310        0.0000016896        0.0000014255        0.0000012176        0.0000010514        0.0000009165        0.0000008058        0.0000007138        0.0000006366        0.0000005712
        0.0028660672        0.0000118895        0.0000090179        0.0000068764        0.0000053252        0.0000042029        0.0000033811        0.0000027686        0.0000023033        0.0000019433        0.0000016598        0.0000014332        0.0000012494        0.0000010985        0.0000009731        0.0000008678        0.0000007786
        0.0031078660        0.0000161868        0.0000122773        0.0000093619        0.0000072500        0.0000057222        0.0000046033        0.0000037694        0.0000031359        0.0000026457        0.0000022598        0.0000019513        0.0000017011        0.0000014955        0.0000013248        0.0000011815        0.0000010601
        0.0033700645        0.0000220069        0.0000166920        0.0000127284        0.0000098571        0.0000077799        0.0000062587        0.0000051249        0.0000042636        0.0000035972        0.0000030725        0.0000026530        0.0000023128        0.0000020334        0.0000018012        0.0000016064        0.0000014413
        0.0036543836        0.0000298752        0.0000226604        0.0000172798        0.0000133819        0.0000105619        0.0000084968        0.0000069576        0.0000057883        0.0000048835        0.0000041713        0.0000036017        0.0000031399        0.0000027605        0.0000024454        0.0000021808        0.0000019568
        0.0039626877        0.0000404912        0.0000307132        0.0000234207        0.0000181378        0.0000143157        0.0000115167        0.0000094304        0.0000078456        0.0000066193        0.0000056539        0.0000048819        0.0000042559        0.0000037417        0.0000033145        0.0000029560        0.0000026523
        0.0042970041        0.0000547843        0.0000415555        0.0000316892        0.0000245414        0.0000193701        0.0000155829        0.0000127601        0.0000106157        0.0000089564        0.0000076502        0.0000066057        0.0000057586        0.0000050628        0.0000044849        0.0000039997        0.0000035888
        0.0046595256        0.0000739840        0.0000561204        0.0000427968        0.0000331440        0.0000261601        0.0000210455        0.0000172333        0.0000143373        0.0000120963        0.0000103321        0.0000089214        0.0000077774        0.0000068378        0.0000060572        0.0000054020        0.0000048469
        0.0050526289        0.0000997116        0.0000756382        0.0000576820        0.0000446725        0.0000352598        0.0000283664        0.0000232281        0.0000193248        0.0000163043        0.0000139264        0.0000120250        0.0000104830        0.0000092165        0.0000081643        0.0000072812        0.0000065331
        0.0054788995        0.0001340969        0.0001017251        0.0000775779        0.0000600821        0.0000474232        0.0000381521        0.0000312415        0.0000259916        0.0000219292        0.0000187310        0.0000161737        0.0000140997        0.0000123963        0.0000109811        0.0000097933        0.0000087871
        0.0059411330        0.0001799244        0.0001364948        0.0001040970        0.0000806221        0.0000636365        0.0000511962        0.0000419232        0.0000348786        0.0000294273        0.0000251357        0.0000217041        0.0000189209        0.0000166351        0.0000147360        0.0000131421        0.0000117918
        0.0064423629        0.0002408190        0.0001826989        0.0001393388        0.0001079191        0.0000851840        0.0000685323        0.0000561198        0.0000466900        0.0000393928        0.0000336480        0.0000290543        0.0000253287        0.0000222688        0.0000197266        0.0000175929        0.0000157853
        0.0069858800        0.0003214746        0.0002439014        0.0001860232        0.0001440805        0.0001137296        0.0000914992        0.0000749277        0.0000623381        0.0000525956        0.0000449257        0.0000387924        0.0000338183        0.0000297327        0.0000263386        0.0000234898        0.0000210764
        0.0075752512        0.0004279361        0.0003246926        0.0002476536        0.0001918213        0.0001514172        0.0001218221        0.0000997601        0.0000829989        0.0000700279        0.0000598162        0.0000516503        0.0000450276        0.0000395880        0.0000350690        0.0000312759        0.0000280626
        0.0082143452        0.0005679392        0.0004309485        0.0003287153        0.0002546176        0.0002009918        0.0001617103        0.0001324265        0.0001101780        0.0000929603        0.0000794050        0.0000685654        0.0000597741        0.0000525532        0.0000465543        0.0000415191        0.0000372534
        0.0089073535        0.0007513131        0.0005701368        0.0004349099        0.0003368888        0.0002659439        0.0002139732        0.0001752282        0.0001457907        0.0001230089        0.0001050728        0.0000907298        0.0000790971        0.0000695422        0.0000616042        0.0000549413        0.0000492968
        0.0096588321        0.0009904511        0.0007516762        0.0005734307        0.0004442114        0.0003506782        0.0002821562        0.0002310696        0.0001922538        0.0001622134        0.0001385622        0.0001196486        0.0001043086        0.0000917087        0.0000812408        0.0000724544        0.0000650108
        0.0104737049        0.0013008262        0.0009873302        0.0007532628        0.0005835529        0.0004606991        0.0003706904        0.0003035809        0.0002525888        0.0002131237        0.0001820515        0.0001572030        0.0001370492        0.0001204951        0.0001067418        0.0000951978        0.0000854180
        0.0113573298        0.0017015598        0.0012916416        0.0009855188        0.0007635315        0.0006028159        0.0004850583        0.0003972542        0.0003305345        0.0002788953        0.0002382368        0.0002057215        0.0001793489        0.0001576865        0.0001396890        0.0001245824        0.0001117842
        0.0123155033        0.0022159652        0.0016823489        0.0012837574        0.0009946659        0.0007853415        0.0006319536        0.0005175743        0.0004306565        0.0003633817        0.0003104108        0.0002680480        0.0002336876        0.0002054634        0.0001820142        0.0001623311        0.0001456558
        0.0133545147        0.0028720272        0.0021807568        0.0016642696        0.0012895984        0.0010182690        0.0008194242        0.0006711369        0.0005584454        0.0004712178        0.0004025339        0.0003476033        0.0003030480        0.0002664491        0.0002360413        0.0002105170        0.0001888927
        0.0144811822        0.0037027043        0.0028119690        0.0021462603        0.0016632371        0.0013133856        0.0010569656        0.0008657249        0.0007203813        0.0006078738        0.0005192807        0.0004484251        0.0003909513        0.0003437398        0.0003045140        0.0002715872        0.0002436914
        0.0157029033        0.0047459025        0.0036048791        0.0027518452        0.0021327564        0.0016842741        0.0013555213        0.0011103102        0.0009239346        0.0007796571        0.0006660417        0.0005751703        0.0005014586        0.0004409071        0.0003905968        0.0003483648        0.0003125849
        0.0170276947        0.0060439627        0.0045917802        0.0035057550        0.0027173704        0.0021461369        0.0017273433        0.0014149392        0.0011774729        0.0009936329        0.0008488556        0.0007330559        0.0006391201        0.0005619532        0.0004978359        0.0004440132        0.0003984125
        0.0184642505        0.0076425001        0.0058074920        0.0044346731        0.0034378213        0.0027153916        0.0021856676        0.0017904670        0.0014900384        0.0012574381        0.0010742507        0.0009277225        0.0008088555        0.0007112051        0.0006300663        0.0005619533        0.0005042445
        0.0200219974        0.0095885787        0.0072879638        0.0055661672        0.0043155509        0.0034090157        0.0027441860        0.0022481282        0.0018709910        0.0015789791        0.0013489873        0.0011650119        0.0010157609        0.0008931460        0.0007912608        0.0007057300        0.0006332625
        0.0217111744        0.0119284494        0.0090685496        0.0069273640        0.0053716679        0.0042437338        0.0034163927        0.0027989959        0.0023295609        0.0019660543        0.0016797341        0.0014506883        0.0012648654        0.0011121999        0.0009853408        0.0008788424        0.0007886072
        0.0235428624        0.0147054633        0.0111823874        0.0085437000        0.0066259759        0.0052352408        0.0042149546        0.0034534715        0.0028744193        0.0024259924        0.0020727592        0.0017901701        0.0015608972        0.0013725278        0.0012159948        0.0010845815        0.0009732339
        0.0255290754        0.0179595929        0.0136599941        0.0104385819        0.0080966968        0.0063979789        0.0051515312        0.0042211292        0.0035135485        0.0029655413        0.0025338361        0.0021884497        0.0019082137        0.0016779643        0.0014866227        0.0013259818        0.0011898665
        0.0276828632        0.0217302572        0.0165313557        0.0126349553        0.0098016597        0.0077460688        0.0062375157        0.0051113209        0.0042547481        0.0035912932        0.0030686047        0.0026504037        0.0023110704        0.0020322548        0.0018005454        0.0016060080        0.0014411670
        0.0300183576        0.0260641966        0.0198318381        0.0151597802        0.0117617641        0.0092960261        0.0074862149        0.0061349622        0.0051071108        0.0043109306        0.0036836350        0.0031817108        0.0027744239        0.0024397613        0.0021616297        0.0019281106        0.0017302331
        0.0325508825        0.0310293604        0.0236126687        0.0180519875        0.0140071120        0.0110716000        0.0089167366        0.0073077055        0.0060836696        0.0051354552        0.0043883314        0.0037904980        0.0033053623        0.0029067185        0.0025754019        0.0022972210        0.0020614921
        0.0352970622        0.0367341228        0.0279554781        0.0213735364        0.0165855661        0.0131105166        0.0105594145        0.0086543858        0.0072050835        0.0060823048        0.0051975907        0.0044896314        0.0039151073        0.0034429971        0.0030506088        0.0027211416        0.0024419471
        0.0382749364        0.0433497466        0.0329892673        0.0252223480        0.0195727479        0.0154723655        0.0124621410        0.0102142040        0.0085039651        0.0071789916        0.0061349161        0.0052994117        0.0046213572        0.0040641590        0.0036010386        0.0032121728        0.0028826362
        0.0415040329        0.0511341207        0.0389083475        0.0297459271        0.0230825655        0.0182468928        0.0146970423        0.0120461909        0.0100294072        0.0084669320        0.0072356868        0.0062503847        0.0054507465        0.0047936267        0.0042474433        0.0037888240        0.0034001707
        0.0450055674        0.0604566336        0.0459910743        0.0351555645        0.0272781644        0.0215626340        0.0173674133        0.0142348669        0.0118517010        0.0100054229        0.0085505433        0.0073862853        0.0064414022        0.0056649232        0.0050195204        0.0044775857        0.0040183216
        0.0488025099        0.0718212947        0.0546171553        0.0417393968        0.0323819816        0.0255947895        0.0206140075        0.0168954059        0.0140666263        0.0118752439        0.0101484805        0.0087666819        0.0076452550        0.0067237094        0.0059577264        0.0053145392        0.0047694664
        0.0529197752        0.0858751088        0.0652735531        0.0498666465        0.0386788584        0.0305675957        0.0246169157        0.0201751199        0.0167966466        0.0141796852        0.0121176969        0.0104677258        0.0091286870        0.0080283461        0.0071137561        0.0063457927        0.0056949798
        0.0573844090        0.1033570021        0.0785149261        0.0599569455        0.0464919694        0.0367351547        0.0295800399        0.0242406782        0.0201802626        0.0170354955        0.0145578627        0.0125754457        0.0109666763        0.0096447458        0.0085459976        0.0076234136        0.0068415795
        0.0622257069        0.1249032095        0.0948145092        0.0723655447        0.0560932942        0.0443104021        0.0356736742        0.0292309634        0.0243326798        0.0205396749        0.0175516978        0.0151611893        0.0132213701        0.0116275148        0.0103027923        0.0091905072        0.0082479324
        0.0674754456        0.1506228596        0.1142391786        0.0871337801        0.0675093606        0.0533110909        0.0429102778        0.0351550803        0.0292607900        0.0246976074        0.0211035330        0.0182285123        0.0158957392        0.0139791816        0.0123863313        0.0110489763        0.0099157142
        0.0731680468        0.1795075387        0.1359979957        0.1036425531        0.0802513435        0.0633459911        0.0509718992        0.0417507365        0.0347451717        0.0293233916        0.0250540469        0.0216394942        0.0188693013        0.0165936463        0.0147024896        0.0131147858        0.0117694531
        0.0793409497        0.2091591507        0.1582332850        0.1204512045        0.0931895301        0.0735152215        0.0591296963        0.0484181195        0.0402849168        0.0339931995        0.0290404018        0.0250802822        0.0218680538        0.0192297231        0.0170374122        0.0151970582        0.0136377662
        0.0860346332        0.2367693335        0.1787665486        0.1358682811        0.1049961671        0.0827603415        0.0665259957        0.0544511937        0.0452902876        0.0382079296        0.0326352902        0.0281812102        0.0245692506        0.0216033161        0.0191391781        0.0170709305        0.0153187551
        0.0932930410        0.2618650198        0.1971928924        0.1495548934        0.1153907180        0.0908493921        0.0729679763        0.0596883558        0.0496245734        0.0418508239        0.0357380398        0.0308547392        0.0268961471        0.0236466676        0.0209475532        0.0186825376        0.0167639684
        0.1011637598        0.2893012762        0.2171670049        0.1642753780        0.1264991164        0.0994512290        0.0797928423        0.0652214512        0.0541942678        0.0456855930        0.0390003063        0.0336631499        0.0293386653        0.0257903431        0.0228438564        0.0203718841        0.0182784460
        0.1096985489        0.3289510012        0.2461720705        0.1857205629        0.1427147239        0.1120237783        0.0897763222        0.0733196959        0.0608850121        0.0513017885        0.0437789969        0.0377776138        0.0329174921        0.0289315712        0.0256227907        0.0228476655        0.0204980504
        0.1189533919        0.3892405033        0.2905914485        0.2187339664        0.1677659154        0.1314929724        0.1052610576        0.0858942345        0.0712821856        0.0600340813        0.0512122214        0.0441796519        0.0384874456        0.0338213630        0.0299492572        0.0267026164        0.0239544399
        0.1289889514        0.4657699168        0.3470163047        0.2606548965        0.1995461285        0.1561645418        0.1248631999        0.1017984971        0.0844231918        0.0710646287        0.0605975911        0.0522601679        0.0455157235        0.0399900302        0.0354062803        0.0315641947        0.0283128601
        0.1398712546        0.5373265147        0.3991843462        0.2989715338        0.2282934040        0.1782870889        0.1423173845        0.1158832312        0.0960119516        0.0807608366        0.0688269287        0.0593316555        0.0516568795        0.0453736149        0.0401641503        0.0357995890        0.0321074910
        0.1516716480        0.5899398327        0.4363368452        0.3253823221        0.2475150228        0.1926941872        0.1534404010        0.1247056872        0.1031731442        0.0866895840        0.0738171414        0.0635921806        0.0553377829        0.0485874824        0.0429951772        0.0383130871        0.0343545973
        0.1644675881        0.6487567425        0.4775966704        0.3544819057        0.2685008049        0.2082764059        0.1653660387        0.1340935230        0.1107452661        0.0929264352        0.0790449455        0.0680408329        0.0591709130        0.0519271791        0.0459319502        0.0409168154        0.0366797037
        0.1783430725        0.7530987263        0.5529423356        0.4091960192        0.3090099990        0.2390284091        0.1893255711        0.1532204151        0.1263426393        0.1058828533        0.0899776369        0.0773922652        0.0672618747        0.0589993224        0.0521671921        0.0464566126        0.0416351818
        0.1933890879        0.8865270019        0.6496144533        0.4796711206        0.3613429666        0.2788215578        0.2203479409        0.1779849082        0.1465303600        0.1226445735        0.1041144207        0.0894788951        0.0777151063        0.0681331083        0.0602176972        0.0536074191        0.0480303988
        0.2097046673        0.9918011427        0.7233957648        0.5318435431        0.3989774585        0.3066578805        0.2415054142        0.1945031881        0.1597428769        0.1334434003        0.1131044999        0.0970848724        0.0842364952        0.0737921074        0.0651771277        0.0579921007        0.0519368015
        0.2273965180        1.1024008989        0.7994029522        0.5847436190        0.4366040230        0.3341025412        0.2620739043        0.2103453577        0.1722565591        0.1435579509        0.1214439720        0.1040832028        0.0901955143        0.0789338425        0.0696617588        0.0619413555        0.0554437302
        0.2465810627        1.2824606895        0.9262348413        0.6753699780        0.5028395057        0.3837035000        0.3001473844        0.2402824014        0.1963194013        0.1632886380        0.1379049420        0.1180289239        0.1021634936        0.0893251374        0.0787719712        0.0699978173        0.0626226291
        0.2673841417        1.4643021822        1.0508080721        0.7624729872        0.5654051304        0.4298660755        0.3350985944        0.2674106359        0.2178620398        0.1807601601        0.1523395926        0.1301557273        0.1124951541        0.0982414633        0.0865487978        0.0768454298        0.0687021911
        0.2899422944        1.6522096395        1.1761633158        0.8477503657        0.6252849698        0.4732201397        0.3673725724        0.2920642495        0.2371425331        0.1961745769        0.1649078280        0.1405912489        0.1212933809        0.1057668999        0.0930616036        0.0825420544        0.0737314299
        0.3144034445        1.9167084694        1.3551732302        0.9709621072        0.7129707336        0.5376388431        0.4160578251        0.3297968805        0.2670423985        0.2203535885        0.1848151982        0.1572545469        0.1354377717        0.1179317683        0.1036379710        0.0918281004        0.0819551349
        0.3409285843        2.1894755363        1.5332274437        1.0897512436        0.7949645519        0.5963401794        0.4594731629        0.3628172576        0.2927603424        0.2408188432        0.2014129162        0.1709574163        0.1469231546        0.1277004480        0.1120470911        0.0991473943        0.0883884206
        0.3696912229        2.5366377831        1.7602932453        1.2414034605        0.8995354772        0.6712685227        0.5150331855        0.4052421451        0.3259523809        0.2673459351        0.2230076939        0.1888397634        0.1619473994        0.1405017525        0.1230813786        0.1087609828        0.0968441293
        0.4008804262        2.9337193966        2.0154063702        1.4082530737        1.0128024817        0.7507919073        0.5730971098        0.4490326941        0.3598666787        0.2942132056        0.2447035909        0.2066706270        0.1768202335        0.1530890465        0.1338628531        0.1180999503        0.1050152183
        0.4347013533        3.4181973934        2.3250918388        1.6097726822        1.1482285261        0.8455308080        0.6418443918        0.5006487966        0.3997336924        0.3257496953        0.2701477408        0.2275667489        0.1942354292        0.1678136289        0.1464604288        0.1289982796        0.1145380959
        0.4713751674        3.9874837399        2.6843473911        1.8404166698        1.3010808229        0.9508891106        0.7170835733        0.5563978553        0.4423241019        0.3591443002        0.2968944013        0.2493941188        0.2123212963        0.1830231845        0.1594059169        0.1401429474        0.1242314577
        0.5111432672        4.6759028435        3.1162965298        2.1160752773        1.4825861454        1.0747841597        0.8051373959        0.6210105419        0.4913459718        0.3973769248        0.3273965120        0.2742148340        0.2328404784        0.2002449483        0.1740364730        0.1527146995        0.1351455450
        0.5542663932        5.4981031418        3.6281938553        2.4400470257        1.6939567327        1.2176632881        0.9052696228        0.6940158606        0.5460359454        0.4396389425        0.3608580232        0.3012774587        0.2551003695        0.2188482434        0.1897801757        0.1661950350        0.1468093097
        0.6010276675        6.4825139046        4.2374339104        2.8231511116        1.9420574903        1.3839882612        1.0208133459        0.7770930529        0.6078555584        0.4869626760        0.3980197310        0.3311280608        0.2795166671        0.2391609848        0.2069040090        0.1808070838        0.1594128460
        0.6517337561        7.6612830162        4.9637508392        3.2777106762        2.2347207069        1.5788376331        1.1551384926        0.8728976846        0.6784966588        0.5405056477        0.4397066832        0.3643627167        0.3065289855        0.2615170777        0.2256695032        0.1967620999        0.1731313318
        0.7067179680        9.0690307617        5.8282947540        3.8168716431        2.5802211761        1.8074914217        1.3116661310        0.9836847782        0.7593640685        0.6013818979        0.4866476357        0.4014773369        0.3364726305        0.2861434817        0.2462314218        0.2141671479        0.1880404949
        0.7663409710       10.7448673248        6.8553276062        4.4559955597        2.9884021282        2.0763282776        1.4945871830        1.1122522354        0.8525079489        0.6708062291        0.5398349166        0.4431448579        0.3698224425        0.3133754432        0.2688269615        0.2331919670        0.2042639554
        0.8309937716       12.7319498062        8.0720415115        5.2126293182        3.4707038403        2.3928742409        1.7089064121        1.2619739771        0.9602372646        0.7505193949        0.6003238559        0.4902391136        0.4072544277        0.3436553478        0.2937771678        0.2540702522        0.2219732255
        0.9011018872       15.0768299103        9.5082550049        6.1064057350        4.0401740074        2.7658443451        1.9604880810        1.4368370771        1.0852978230        0.8424395323        0.6695864797        0.5436792374        0.4493309259        0.3775743544        0.3214841783        0.2770991921        0.2413884997
        0.9771238565       17.8284835815       11.1959037781        7.1588535309        4.7114248276        3.2051718235        2.2561073303        1.6414959431        1.2309178114        0.9488317370        0.7492328882        0.6047140360        0.4970570803        0.4156559408        0.3524642289        0.3026429117        0.2627829313
        1.0595599413       21.0373382568       13.1684980392        8.3931293488        5.5005555153        3.7220170498        2.6034927368        1.8813169003        1.4008473158        1.0723414421        0.8411478996        0.6747024655        0.5514234900        0.4587474763        0.3871980309        0.3311479092        0.2865149379
        1.1489509344       24.7544002533       15.4606561661        9.8338737488        6.4251828194        4.3288879395        3.0114765167        2.1625316143        1.5994975567        1.2161110640        0.9475898147        0.7552841902        0.6136328578        0.5077416897        0.4264364541        0.3630847633        0.3128962815
        1.2458827496       29.0299129486       18.1071205139       11.5065755844        7.5040888786        5.0394725800        3.4899265766        2.4922158718        1.8319386244        1.3837865591        1.0711959600        0.8483827710        0.6851005554        0.5636907816        0.4709689915        0.3991061747        0.3424693346
        1.3509930372       33.9125595093       21.1420631409       13.4371089935        8.7569742203        5.8685364723        4.0497393608        2.8783292770        2.1039571762        1.5795751810        1.2150359154        0.9562516212        0.7674914598        0.6278361082        0.5217291117        0.4399200380        0.3757760823
        1.4649710655       39.4487342834       24.5983085632       15.6510753632       10.2040338516        6.8317003250        4.7027425766        3.3296909332        2.4220728874        1.8082798719        1.3826483488        1.0815069675        0.8627504110        0.7016334534        0.5798140764        0.4863602817        0.4134551585
        1.5885648727       45.6827850342       28.5070133209       18.1734161377       11.8656501770        7.9452648163        5.4616360664        3.8559949398        2.7935867310        2.0753610134        1.5781066418        1.2271913290        0.9731559157        0.7867990732        0.6465245485        0.5394190550        0.4562690556
        1.7225850821       52.6573066711       32.8973999023       21.0278625488       13.7618856430        9.2258539200        6.3397679329        4.4676876068        3.2265298367        2.3869237900        1.8060255051        1.3967871666        1.1013376713        0.8853265047        0.7233773470        0.6002575159        0.5051122904
        1.8679137230       60.4145278931       37.7970809937       24.2367610931       15.9121999741       10.6901607513        7.3509678841        5.1758861542        3.7296395302        2.7497353554        2.0715966225        1.5942591429        1.2503198385        0.9995253682        0.8121417165        0.6702364683        0.5610368848
        2.0255012512       68.9971542358       43.2323570251       27.8208580017       18.3350296021       12.3545589447        8.5092773438        5.9922056198        4.3122682571        3.1711833477        2.3805840015        1.8240710497        1.4235446453        1.1320490837        0.9148651361        0.7509402037        0.6252734661
        2.1963858604       78.4502258301       49.2294006348       31.7996463776       21.0477123260       14.2349195480        9.8287391663        6.9286088943        4.9842891693        3.6592330933        2.7393105030        2.0911920071        1.6248910427        1.2859177589        1.0338959694        0.8441973329        0.6992495060
        2.3816852570       88.8214569092       55.8146934509       36.1915206909       24.0663166046       16.3462753296       11.3231172562        7.9971780777        5.7559471130        4.2223405838        3.1546227932        2.4010896683        1.8586869240        1.4645395279        1.1719108820        0.9521085620        0.7846155763
        2.5826175213      100.1620483398       63.0163307190       41.0144996643       27.4058418274       18.7028102875       13.0057392120        9.2099771500        6.6377449036        4.8693766594        3.6338453293        2.7597172260        2.1297142506        1.6717268229        1.3319355249        1.0770694017        0.8832678199
        2.8005027771      112.5259628296       70.8643264771       46.2867584229       31.0803661346       21.3177299500       14.8893404007       10.5788497925        7.6402726173        5.6095056534        4.1847085953        3.1734712124        2.4431922436        1.9116992950        1.5173569918        1.2217882872        0.9973675013
        3.0367703438      125.9693450928       79.3906097412       52.0270767212       35.1033134460       24.2032546997       16.9858722687       12.1152334213        8.7740373611        6.4520435333        4.8152422905        3.6491236687        2.8047411442        2.1890647411        1.7319209576        1.3892933130        1.1293530464
        3.2929706573      140.5500946045       88.6287994385       58.2554626465       39.4878540039       27.3707370758       19.3065013885       13.8300590515       10.0493488312        7.4063487053        5.5336880684        4.1937665939        3.2203462124        2.5088086128        1.9797358513        1.5829427242        1.2819570303
        3.5707857609      156.3284759521       98.6135559082       64.9932708740       44.2472763062       30.8308448792       21.8615913391       15.7336606979       11.4761810303        8.4816980362        6.3483977318        4.8147234917        3.6963040829        2.8762557507        2.2652511597        1.8064215183        1.4582102299
        3.8720388412      173.3680114746      109.3798980713       72.2632064819       49.3954086304       34.5937309265       24.6606960297       17.8356914520       13.0640745163        9.6871738434        7.2677240372        5.5194664001        4.2391524315        3.2970299721        2.5932343006        2.0637295246        1.6614406109
        4.1987075806      191.7369232178      120.9630889893       80.0889892578       54.9468688965       38.6692886353       27.7126693726       20.1451148987       14.8220634460       11.0315561295        8.2999162674        6.3155241013        4.8555994034        3.7769942284        2.9687342644        2.3591604233        1.8952653408
        4.5529360771      211.5080413818      133.3990478516       88.4946899414       60.9172706604       43.0674057007       31.0257339478       22.6701774597       16.7586040497       12.5232572556        9.4530410767        7.2103986740        5.5524477959        4.3221955299        3.3970365524        2.6972725391        2.1635723114
        4.9370450974      232.7579803467      146.7250976562       97.5041656494       67.3231582642       47.7981948853       34.6075782776       25.4183998108       18.8815174103       14.1702251434       10.7348814011        8.2114677429        6.3365139961        4.9387927055        3.8836085796        3.0828483105        2.4704966545
        5.3535637856      255.5656280518      160.9815521240      107.1411285400       74.1819915771       52.8724937439       38.4656791687       28.3967342377       21.1980571747       15.9799547195       12.1529245377        9.3259649277        7.2145843506        5.6330175400        4.4340643883        3.5208673477        2.8203983307
        5.8052229881      280.0075683594      176.2109680176      117.4289398193       81.5113525391       58.3016738892       42.6072959900       31.6114654541       23.7147693634       17.9593639374       13.7142238617       10.5608348846        8.1933069229        6.4110727310        5.0540776253        4.0164370537        3.2178106308
        6.2949872017      306.1549682617      192.4578552246      128.3917694092       89.3288040161       64.0979766846       47.0398445129       35.0684013367       26.4375705719       20.1148014069       15.4254055023       11.9227342606        9.2791519165        7.2790966034        5.7493491173        4.5747585297        3.6674087048
        6.8260707855      334.0739440918      209.7668151855      140.0551910400       97.6511764526       70.2742767334       51.7710227966       38.7729530334       29.3717403412       22.4520111084       17.2926025391       13.4179515839       10.4783563614        8.2430963516        6.5255408287        5.2010693550        4.1739668846
        7.4019594193      363.8327636719      228.1804351807      152.4467315674      106.4949493408       76.8439025879       56.8091125488       42.7303504944       32.5219993591       24.9761390686       19.3214263916       15.0523805618       11.7968692780        9.3089008331        7.3882288933        5.9006013870        4.7423124313
        8.0264339447      395.5085754395      247.7367553711      165.5955047607      115.8766174316       83.8200988770       62.1630325317       46.9458045959       35.8925399780       27.6917114258       21.5169372559       16.8314666748       13.2403039932       10.4821109772        8.3428516388        6.6785264015        5.3772807121
        8.7035923004      429.1820068359      268.4707336426      179.5308837891      125.8135147095       91.2157211304       67.8424530029       51.4247360229       39.4871749878       30.6026439667       23.8836174011       18.7601623535       14.8139047623       11.7680540085        9.3946657181        7.5399179459        6.0836763382
        9.4378709793      464.9256286621      290.4192810059      194.2808380127      136.3243408203       99.0428924561       73.8573303223       56.1729011536       43.3093795776       33.7122612000       26.4253253937       20.8428993225       16.5224742889       13.1717224121       10.5486965179        8.4896945953        6.8662214279
       10.2341079712      502.8000793457      313.6266174316      209.8706359863      147.4296875000      107.3137130737       80.2181167603       61.1968383789       47.3627243042       37.0234794617       29.1454124451       23.0836238861       18.3704299927       14.6978120804       11.8097352982        9.5326223373        7.7295522690
       11.0975189209      542.8677368164      338.1374511719      226.3217010498      159.1506652832      116.0403442383       86.9347610474       66.5035552979       51.6507186890       40.5387001038       32.0465507507       25.4856472015       20.3616409302       16.3505630493       13.1822366714       10.6732139587        8.6781225204
       12.0337734222      585.2050781250      363.9900207520      243.6562347412      171.5081634521      125.2361145020       94.0168304443       72.1006927490       56.1772537231       44.2600593567       35.1308975220       28.0517292023       22.4994888306       18.1338291168       14.6703319550       11.9157400131        9.7162179947
       13.0490159988      629.8804931641      391.2145385742      261.9012145996      184.5210418701      134.9157409668      101.4733428955       77.9961547852       60.9466972351       48.1895561218       38.4000968933       30.7840576172       24.7868194580       20.0509967804       16.2777843475       13.2641696930       10.8478994370
       14.1499099731      676.9460449219      419.8450317383      281.0868225098      198.2050933838      145.0951080322      109.3131027222       84.1978759766       65.9641265869       52.3292770386       41.8553924561       33.6842460632       27.2259311676       22.1049652100       18.0079574585       14.7221632004       12.0769786835
       15.3436822891      726.4688720703      449.9254455566      301.2395935059      212.5744628906      155.7905426025      117.5457611084       90.7133941650       71.2351303101       56.6815490723       45.4977531433       36.7534027100       29.8185844421       24.2981739044       19.8637905121       16.2930240631       13.4069852829
       16.6381530762      778.5148315430      481.4904479980      322.3786010742      227.6455230713      167.0173034668      126.1818695068       97.5496444702       76.7657623291       61.2491378784       49.3279418945       39.9921264648       32.5659561157       26.6324710846       21.8477382660       17.9796619415       14.8411235809
       18.0418663025      833.1374511719      514.5671997070      344.5233764648      243.4398956299      178.7886505127      135.2338256836      104.7135696411       82.5625457764       66.0356674194       53.3470268250       43.4008255005       35.4688529968       29.1093540192       23.9619140625       19.7846660614       16.3823394775
       19.5639686584      890.3975830078      549.1920166016      367.6993408203      259.9781494141      191.1141510010      144.7141265869      112.2119216919       88.6313400269       71.0449905396       57.5560035706       46.9793853760       38.5273551941       31.7295589447       26.2077655792       21.7100429535       18.0330734253
       21.2145252228      950.3484497070      585.4030761719      391.9339294434      277.2760925293      204.0048217773      154.6362915039      120.0530319214       94.9781799316       76.2821350098       61.9566955566       50.7278785706       41.7414360046       34.4935989380       28.5864410400       23.7575664520       19.7955493927
       23.0042896271     1013.0540161133      623.2246093750      417.2430725098      295.3441467285      217.4743194580      165.0111541748      128.2458648682      101.6081390381       81.7518692017       66.5512237549       54.6461715698       45.1104011536       37.4012184143       31.0983867645       25.9283103943       21.6714076996
       24.9450702667     1078.5607910156      662.6920166016      443.6473388672      314.1999511719      231.5397644043      175.8478851318      136.8012542725      108.5268478394       87.4594802856       71.3427505493       58.7346611023       48.6336250305       40.4519386292       33.7437324524       28.2230873108       23.6620235443
       27.0495891571     1146.9329833984      703.8313598633      471.1698303223      333.8640441895      246.2154083252      187.1538848877      145.7305145264      115.7405090332       93.4097747803       76.3347473145       62.9939994812       52.3102226257       43.6447792053       36.5220375061       30.6421184540       25.7682437897
       29.3316555023     1218.2152099609      746.6778564453      499.8285217285      354.3483886719      261.5121459961      198.9386596680      155.0440368652      123.2564544678       99.6071166992       81.5312805176       67.4254074097       56.1393585205       46.9784812927       39.4324378967       33.1851997375       27.9905052185
       31.8062534332     1292.4357910156      791.2648315430      529.6498413086      375.6644287109      277.4393005371      211.2145385742      164.7498321533      131.0829925537      106.0556564331       86.9364242554       72.0309371948       60.1205749512       50.4516143799       42.4736900330       35.8516693115       30.3288192749
       34.4896240234     1369.7122802734      837.6321411133      560.6541137695      397.8333740234      294.0099182129      223.9943695068      174.8534851074      139.2293395996      112.7598190308       92.5540924072       76.8132324219       64.2538070679       54.0627250671       45.6442527771       38.6405067444       32.7827835083
       37.3993415833     1450.0966796875      885.7686767578      592.8545532227      420.8718872070      311.2369079590      237.2888031006      185.3609466553      147.7049560547      119.7253952026       98.3878021240       81.7753906250       68.5396881104       57.8104972839       48.9423332214       41.5502433777       35.3515243530
       40.5545768738     1533.4772949219      935.7194213867      626.2568969727      444.7911376953      329.1282653809      251.1043090820      196.2811584473      156.5180358887      126.9598083496      104.4413528442       86.9211349487       72.9796905518       61.6941070557       52.3661499023       44.5792007446       38.0339126587
       43.9760475159     1620.0878906250      987.6127319336      660.9194946289      469.5932922363      347.6977233887      265.4482116699      207.6251831055      165.6735382080      134.4707641602      110.7186737061       92.2540740967       77.5759429932       65.7130661011       55.9138603210       47.7253799438       40.8283653259
       47.6861381531     1710.1268310547     1041.3648681641      696.8751220703      495.2959594727      366.9632263184      280.3309326172      219.4028015137      175.1753540039      142.2664794922      117.2240142822       97.7772674561       82.3311309814       69.8674240112       59.5837364197       50.9865455627       43.7329254150
       51.7091789246     1803.1545410156     1096.8955078125      734.0402832031      521.9519042969      386.9176025391      295.7580871582      231.6194305420      185.0288238525      150.3545837402      123.9633865356      103.4934768677       87.2481765747       74.1581649780       63.3743896484       54.3605003357       46.7453918457
       56.0716819763     1899.5048828125     1154.5618896484      772.4810791016      549.5391845703      407.5648498535      311.7443237305      244.2832946777      195.2450256348      158.7409057617      130.9440917969      109.4062805176       92.3301849365       78.5870819092       67.2852172852       57.8451538086       49.8635978699
       60.8022270203     1999.7416992188     1214.2664794922      812.3865356445      578.0059204102      428.9606018066      328.3085937500      257.4036560059      205.8355102539      167.4299163818      138.1736450195      115.5194091797       97.5801773071       83.1564025879       71.3161773682       61.4386138916       53.0849800110
       65.9318084717     2102.8767089844     1275.6350097656      853.5462036133      607.4999389648      451.1033935547      345.4288330078      270.9756774902      216.8004913330      176.4239501953      145.6601104736      121.8380508423      103.0005722046       87.8689422607       75.4677047729       65.1394195557       56.4070968628
       71.4942855835     2209.4140625000     1339.3029785156      895.9035034180      638.0430908203      473.9167480469      363.1115722656      285.0133972168      228.1431732178      185.7261962891      153.4071960449      128.3697052002      108.5945281982       92.7275161743       79.7416915894       68.9466629028       59.8278274536
       77.5259780884     2320.4011230469     1405.3176269531      939.9252929688      669.4154663086      497.5041809082      381.4333801270      299.5497131348      239.8848114014      195.3543853760      161.4168701172      135.1187744141      114.3663482666       97.7344741821       84.1398773193       72.8600234985       63.3449058533
       84.0665435791     2434.0712890625     1472.7530517578      985.3117675781      701.8201904297      521.9526977539      400.3440246582      314.5524597168      252.0189514160      205.3187713623      169.6999969482      142.0922241211      120.3184890747      102.8934478760       88.6643142700       76.8802185059       66.9567184448
       91.1588211060     2551.3564453125     1542.7653808594     1031.7590332031      735.4791259766      547.0447387695      419.7784423828      330.0035095215      264.5282287598      215.5989837646      178.2557373047      149.3019561768      126.4563903809      108.2052078247       93.3187408447       81.0077209473       70.6625823975
       98.8495330811     2673.7023925781     1615.3706054688     1080.0677490234      769.8923339844      572.8822021484      439.9114685059      346.0117492676      277.4711914062      226.2138366699      187.0788574219      156.7436218262      132.7925415039      113.6718292236       98.1049880981       85.2454147339       74.4616699219
      107.1890792847     2798.1459960938     1689.0931396484     1129.9178466797      805.3422241211      599.7431030273      460.7118835449      362.5217590332      290.8422546387      237.1997528076      196.2038726807      164.4121398926      139.3262329102      119.3033447266      103.0228042603       89.5963058472       78.3543624878
      116.2323150635     2927.0515136719     1765.9320068359     1180.5717773438      842.2369384766      627.2186279297      481.9655456543      379.4354248047      304.5608825684      248.5016937256      205.6323547363      172.3354949951      146.0572814941      125.1003570557      108.0797576904       94.0597152710       82.3439483643
      126.0382614136     3061.1286621094     1845.2988281250     1233.4936523438      879.8267822266      655.4074707031      503.9643859863      396.9545593262      318.7356872559      260.1345214844      215.3164825439      180.5067596436      153.0097045898      131.0616760254      113.2779464722       98.6406707764       86.4299240112
      136.6716156006     3196.6540527344     1925.6108398438     1287.8883056641      918.4753417969      684.7604980469      526.7454833984      415.0470275879      333.4057922363      272.1907958984      225.3160858154      188.9050140381      160.1717681885      137.2118072510      118.6117706299      103.3453140259       90.6137237549
      148.2020568848     3338.5004882812     2009.8465576172     1342.9603271484      958.7613525391      714.7279663086      549.8611450195      433.4573059082      348.3649902344      284.5575256348      235.6591339111      197.5906982422      167.5247650146      143.5475921631      124.1003723145      108.1653060913       94.9041366577
      160.7051391602     3483.9060058594     2095.9248046875     1400.8869628906      999.6271972656      745.3557128906      573.8339233398      452.5570678711      363.8222961426      297.2386779785      246.2343597412      206.5480957031      175.1242675781      150.0492095947      129.7501525879      113.1101074219       99.2967758179
      174.2631988525     3631.7976074219     2183.3278808594     1459.7872314453     1041.6370849609      777.3486328125      598.6343383789      472.2770080566      379.8309326172      310.4072875977      257.1501464844      215.7058715820      182.9543304443      156.7608337402      135.5401000977      118.1942520142      103.7902984619
      188.9652862549     3787.4648437500     2275.5522460938     1519.6574707031     1085.4963378906      809.8320922852      623.6858520508      492.2243041992      396.0663757324      323.8757019043      268.4462890625      225.1880950928      190.9667968750      163.6691894531      141.5086517334      123.3969116211      108.4037704468
      204.9075469971     3943.2678222656     2368.0141601562     1582.8894042969     1129.6369628906      843.0336303711      649.7689208984      513.0114135742      412.8719787598      337.6338806152      279.9328613281      234.9601593018      199.2645111084      170.7309417725      147.6582336426      128.7401733398      113.1240463257
      222.1945800781     4106.2270507812     2463.6127929688     1646.1533203125     1175.3784179688      877.8346557617      676.6132812500      534.3676147461      430.2471008301      351.9664306641      291.8067932129      244.9004974365      207.7935943604      178.0418243408      153.9386138916      134.2488555908      117.9487457275
      240.9402618408     4274.4614257812     2563.7485351562     1711.4963378906     1222.8437500000      912.8034057617      703.6700439453      555.9197998047      447.7864990234      366.5373840332      304.0779418945      255.2269744873      216.4847106934      185.5596008301      160.4231567383      139.8766632080      122.9179306030
      261.2674560547     4442.4448242188     2662.8796386719     1779.9776611328     1270.3713378906      948.8850708008      732.0111083984      578.5027465820      466.0207214355      381.4222717285      316.4915466309      265.8235473633      225.5230255127      193.2207641602      167.0957183838      145.6671295166      127.9977264404
      283.3092956543     4621.3901367188     2767.9792480469     1847.7785644531     1320.3162841797      986.5068359375      760.8600463867      601.4617919922      484.7628173828      396.9721069336      329.3808593750      276.5721740723      234.7629699707      201.1791992188      173.8912200928      151.6394348145      133.1955108643
      307.2112731934     4799.7192382812     2874.5153808594     1919.3787841797     1371.0411376953     1024.0234375000      790.0592651367      624.7246704102      503.6501770020      412.6281738281      342.6255187988      287.7947998047      244.1667785645      209.3124847412      180.9420928955      157.7122497559      138.5702972412
      333.1294860840     4986.1679687500     2982.9147949219     1992.3126220703     1422.5551757812     1063.3554687500      820.8441772461      649.2154541016      523.4291992188      428.7427673340      355.9926147461      299.1969909668      253.9855346680      217.5998077393      188.1621093750      163.9833374023      144.0419006348
      361.2343139648     5176.6166992188     3096.7668457031     2066.0627441406     1476.8720703125     1103.4820556641      851.5697631836      673.6973266602      543.4746704102      445.5104980469      369.9697265625      310.8006896973      263.9164123535      226.2446289062      195.5052795410      170.4382781982      149.6567993164
      391.7098693848     5368.7607421875     3209.2382812500     2143.8408203125     1530.4826660156     1143.9927978516      883.2348632812      698.8871459961      563.8333740234      462.2605895996      384.1373291016      322.9526672363      274.0854187012      234.9815216064      203.1601104736      176.9885101318      155.4650573730
      424.7568969727     5573.1376953125     3329.7548828125     2220.5944824219     1586.9526367188     1186.7817382812      916.4248657227      725.2848510742      585.2385864258      479.7348632812      398.5364074707      335.1217651367      284.7001647949      243.9502105713      210.9151153564      183.8014221191      161.3394775391
      460.5924072266     5774.5224609375     3449.6276855469     2302.2207031250     1644.9765625000     1229.0052490234      949.0563964844      751.3035278320      606.4870605469      497.6011352539      413.6483459473      347.6768493652      295.3055419922      253.2933197021      218.8617248535      190.7382659912      167.4234619141
      499.4503173828     5988.7500000000     3572.7319335938     2384.5131835938     1702.3654785156     1273.3732910156      983.6135864258      778.7222900391      628.5745849609      515.5938720703      428.6714782715      360.7383422852      306.3305053711      262.6274719238      227.1434783936      197.8094177246      173.6774597168
      541.5869750977     6200.4916992188     3701.2270507812     2467.5275878906     1763.8902587891     1319.0117187500     1018.6697387695      806.6771240234      651.4752807617      534.5184326172      444.2813415527      373.6975097656      317.6859130859      272.3569946289      235.4170074463      205.1894378662      179.9956054688
      587.2785644531     6421.9013671875     3828.5209960938     2555.4599609375     1824.5076904297     1364.0208740234     1054.0024414062      834.7297363281      674.0708007812      553.3109741211      460.4304504395      387.3175659180      329.0309448242      282.3284301758      244.0396270752      212.5749969482      186.5930023193
      636.8249511719     6648.8642578125     3965.2705078125     2641.8833007812     1888.2172851562     1412.3691406250     1091.3103027344      864.3874511719      698.0884399414      572.8696289062      476.4058532715      401.1195373535      340.9678649902      292.3318481445      252.8782196045      220.2462158203      193.2440032959
      690.5507202148     6879.1938476562     4098.0737304688     2734.5834960938     1952.9958496094     1459.9549560547     1127.8804931641      893.5368652344      722.0755004883      593.0560913086      493.3268737793      415.0843505859      352.9044494629      302.8514709473      261.7381591797      228.1466522217      200.0881805420
      748.8097534180     7121.0698242188     4239.8212890625     2825.4477539062     2017.7670898438     1509.8325195312     1166.9904785156      924.4578247070      746.6988525391      612.9170532227      510.2326354980      429.7230834961      365.2126464844      313.3176574707      271.0681762695      236.0248565674      207.1888885498
      811.9846801758     7358.5058593750     4381.0766601562     2920.4013671875     2087.2800292969     1560.5706787109     1206.0460205078      955.6608276367      772.2907104492      634.1616821289      527.6021118164      444.1394042969      377.9508972168      324.2119750977      280.3457641602      244.3516693115      214.2434082031
      880.4877929688     7611.6040039062     4527.7192382812     3018.0852050781     2154.7927246094     1611.2076416016     1245.4671630859      986.8161621094      797.3744506836      655.1728515625      545.6115112305      459.4264526367      390.5074768066      335.3901977539      290.0179748535      252.6534118652      221.7051544189
      954.7711181641     7860.0322265625     4678.7509765625     3116.1115722656     2227.2043457031     1665.6612548828     1287.3129882812     1020.1200561523      824.4921264648      676.9248046875      563.3051147461      474.7918701172      403.9180297852      346.4630737305      299.9140625000      261.2457275391      229.1887817383
     1035.3214111328     8126.4990234375     4829.3530273438     3220.1872558594     2298.0249023438     1718.4589843750     1328.0080566406     1052.5031738281      850.9981689453      699.2965698242      582.3704223633      490.2501831055      417.1923828125      358.2809143066      309.7360229492      270.0864868164      236.8326416016
     1122.6674804688     8387.9208984375     4989.2084960938     3320.7712402344     2371.9511718750     1775.0229492188     1372.0234375000     1087.2387695312      878.5205688477      721.3931884766      601.0247802734      506.5793762207      430.8746032715      369.8917541504      320.2295837402      278.8389587402      244.7862548828
     1217.3813476562     8665.7255859375     5144.6093750000     3429.1821289062     2448.2148437500     1830.3691406250     1414.6212158203     1121.3033447266      906.7817382812      745.2524414062      620.3944091797      522.5351562500      444.9405822754      382.0397644043      330.4910278320      288.2129516602      252.6294097900
     1320.0882568359     8940.5751953125     5312.4238281250     3534.7639160156     2524.5180664062     1887.9555664062     1459.4926757812     1156.5371093750      934.7803344727      768.3418579102      640.2318115234      539.6437988281      458.8772277832      394.3139953613      341.2937316895      297.3669738770      261.0291442871
     1431.4589843750     9229.5996093750     5474.5512695312     3647.9523925781     2605.7019042969     1947.5994873047     1505.2598876953     1193.2612304688      965.0192871094      792.8235473633      659.9080810547      556.3640747070      473.8602294922      406.6322937012      352.1247863770      306.9823913574      269.2569885254
     1552.2239990234     9518.5136718750     5650.1728515625     3759.9724121094     2683.7465820312     2006.9637451172     1551.2700195312     1229.4506835938      993.9716186523      817.1533203125      681.1124267578      573.7055664062      488.3447570801      419.7616271973      363.0660705566      316.6487731934      277.8192443848
     1683.1790771484     9815.8876953125     5822.1621093750     3876.2736816406     2768.0576171875     2070.4025878906     1600.1148681641     1268.3532714844     1025.1983642578      841.9343872070      701.4255981445      591.6074829102      503.7075195312      432.4776916504      374.6616516113      326.3907470703      286.5405883789
     1825.1823730469    10120.6757812500     6003.7651367188     3995.2583007812     2849.8481445312     2130.9958496094     1646.9822998047     1305.3769531250     1055.6429443359      868.1237182617      723.3109130859      609.3152465820      518.9414672852      446.0910644531      385.9085693359      336.7290649414      295.2417907715
     1979.1677246094    10429.7646484375     6183.5864257812     4114.7915039062     2937.9462890625     2196.7355957031     1697.8754882812     1345.4478759766     1087.4769287109      893.5137939453      744.6091918945      628.3067626953      534.5128173828      459.2922363281      397.9927673340      346.7272033691      304.5414428711
     2146.1403808594    10748.6474609375     6372.3422851562     4239.7060546875     3024.3720703125     2260.2788085938     1746.6916503906     1384.5268554688     1120.1217041016      921.0989379883      766.8751220703      646.3504638672      550.8334960938      473.1152648926      409.6143798828      357.5137634277      313.4623107910
     2327.2016601562    11071.4804687500     6561.0244140625     4362.1069335938     3115.2009277344     2328.8247070312     1799.6123046875     1425.9528808594     1152.5379638672      947.1204833984      789.6917724609      665.9346923828      566.7043457031      487.2276916504      421.9385375977      367.8595275879      323.1391601562
     2523.5385742188    11406.0419921875     6754.9218750000     4494.3496093750     3206.2673339844     2396.0207519531     1851.2359619141     1467.6739501953     1187.2252197266      975.4143066406      812.3455200195      684.8604125977      583.9271850586      501.3703918457      434.3171386719      378.8830566406      332.4292907715
     2736.4396972656    11741.8701171875     6954.0317382812     4622.0341796875     3299.5256347656     2466.4636230469     1905.4741210938     1509.7080078125     1220.1691894531     1002.9234619141      836.6014404297      705.0401611328      600.1782226562      516.4153442383      446.9477233887      389.8839111328      342.3357543945
     2967.2995605469    12092.5771484375     7155.4531250000     4759.7509765625     3395.4343261719     2537.1464843750     1960.4193115234     1553.7458496094     1256.2175292969     1032.0994873047      859.5952148438      725.1958007812      617.9115600586      530.7299194336      460.1596984863      401.1641235352      352.1832885742
     3217.6435546875    12440.4023437500     7362.4697265625     4892.6606445312     3490.2824707031     2609.4616699219     2015.7276611328     1596.7264404297     1290.3891601562     1061.5369873047      884.7856445312      745.6442260742      634.9312133789      546.3055419922      472.8980407715      412.8815917969      362.2686157227
     3489.1035156250    12805.7021484375     7572.2358398438     5037.4003906250     3591.8066406250     2684.0107421875     2073.3581542969     1643.0209960938     1328.0195312500     1091.0618896484      908.5969848633      767.0509033203      653.2232666016      561.0949096680      486.6250610352      424.2337951660      372.7517700195
     3783.4582519531    13169.8154296875     7790.1806640625     5175.2519531250     3690.2968750000     2757.3293457031     2129.6528320312     1686.8382568359     1364.2543945312     1121.8815917969      934.8161010742      787.7698974609      671.3639526367      577.2839965820      499.6616210938      436.4151000977      382.8839416504
     4102.6538085938    13548.9716796875     8007.4868164062     5325.1630859375     3795.9970703125     2836.2006835938     2190.6936035156     1735.6110839844     1402.7022705078     1152.0256347656      959.9838867188      810.1084594727      689.7761840820      592.7636108398      513.9951171875      448.0109252930      393.8157348633
     4448.7788085938    13929.0605468750     8235.6494140625     5468.9047851562     3898.5939941406     2912.2734375000     2249.0053710938     1781.6326904297     1440.6569824219     1184.4543457031      986.7070922852      831.1623535156      708.7986450195      609.3159790039      527.4926757812      460.7752990723      404.1665954590
     4824.1137695312    14322.6455078125     8459.9072265625     5623.8022460938     4010.0549316406     2994.3068847656     2312.5769042969     1831.8179931641     1480.1986083984     1215.0627441406     1013.1016845703      854.6363525391      727.5532836914      625.6402587891      542.2877807617      472.7472534180      415.5906677246
     5231.0957031250    14719.9462890625     8697.3359375000     5774.5185546875     4115.6176757812     3073.3679199219     2373.0791015625     1879.6915283203     1519.8488769531     1249.1091308594     1040.5224609375      876.6889038086      747.5236816406      642.4819335938      556.5010375977      485.9386901855      426.3273620605
     5672.4228515625    15126.3203125000     8932.6103515625     5935.0478515625     4231.5966796875     3159.7927246094     2439.5429687500     1931.9276123047     1559.7103271484     1281.1340332031     1068.1093750000      900.8205566406      766.4841918945      659.5881958008      571.5687255859      498.4800109863      438.1011657715
     6150.9829101562    15540.4335937500     9178.4326171875     6090.8354492188     4341.0664062500     3241.1545410156     2502.1989746094     1981.6926269531     1601.7725830078     1316.2822265625     1095.6600341797      923.7221679688      787.4986572266      676.4838867188      586.4039306641      511.9510803223      449.2796020508
     6669.9169921875    15962.8349609375     9423.2910156250     6258.3364257812     4460.7465820312     3330.9987792969     2571.0607910156     2034.8946533203     1642.8452148438     1349.4718017578     1124.8787841797      948.7423095703      807.1719360352      694.5097656250      601.6302490234      524.9865722656      461.3811950684
     7232.6318359375    16394.3945312500     9677.0107421875     6419.7797851562     4575.6821289062     3415.3593750000     2635.8896484375     2087.3681640625     1686.4896240234     1386.0211181641     1153.1770019531      972.4688110352      828.8308715820      711.7694091797      617.1777343750      538.6432495117      472.9441528320
     7842.8208007812    16832.1054687500     9932.4160156250     6594.8559570312     4699.4096679688     3507.8305664062     2706.7177734375     2141.8642578125     1728.9346923828     1420.3033447266     1183.4655761719      997.7840576172      849.1267089844      730.5157470703      632.5811767578      552.2694702148      485.1584472656
     8504.4882812500    17283.1445312500    10194.5498046875     6762.7617187500     4817.9692382812     3596.2741699219     2774.9475097656     2196.1772460938     1774.8474121094     1457.5523681641     1212.6752929688     1022.6959228516      871.7232666016      748.2990112305      648.8823852539      566.0590209961      497.2479248047
     9221.9794921875    17733.6992187500    10461.5654296875     6943.1630859375     4946.7797851562     3691.7851562500     2847.8894042969     2252.6064453125     1818.3747558594     1493.5288085938     1244.4997558594     1048.4799804688      892.5204467773      767.8951416016      664.6712036133      580.3321533203      509.6137695312
    10000.0009765625    18205.2246093750    10733.7695312500     7118.1425781250     5069.1372070312     3782.8591308594     2917.9841308594     2309.2670898438     1866.1960449219     1531.7218017578     1274.3676757812     1074.3896484375      915.5920410156      786.0520629883      681.5238647461      594.4428100586      522.2261962891
