               #####        0.0000000000        0.2666666667        0.5333333333        0.8000000000        1.0666666667        1.3333333333        1.6000000000        1.8666666667        2.1333333333        2.4000000000        2.6666666667        2.9333333333        3.2000000000        3.4666666667        3.7333333333        4.0000000000
        0.0010000000    0.2156895067E-06    0.1598898056E-06    0.1197994201E-06    0.9160124698E-07    0.7165195027E-07    0.5728253004E-07    0.4670155364E-07    0.3873476807E-07    0.3260992305E-07    0.2781132056E-07    0.2398780695E-07    0.2089501500E-07    0.1835993022E-07    0.1625703028E-07    0.1449397920E-07    0.1300168920E-07
        0.0010595602    0.2696219692E-06    0.2000935261E-06    0.1500536829E-06    0.1148081152E-06    0.8984586873E-07    0.7185087277E-07    0.5859208694E-07    0.4860458210E-07    0.4092364140E-07    0.3490448707E-07    0.3010749653E-07    0.2622676634E-07    0.2304550161E-07    0.2040637711E-07    0.1819361562E-07    0.1632062980E-07
        0.0011226678    0.3370539056E-06    0.2504030353E-06    0.1879376151E-06    0.1438813635E-06    0.1126466511E-06    0.9011240045E-07    0.7349940520E-07    0.6097991163E-07    0.5134875841E-07    0.4379954184E-07    0.3778212094E-07    0.3291345464E-07    0.2892194923E-07    0.2561035345E-07    0.2283367670E-07    0.2048324836E-07
        0.0011895341    0.4213570353E-06    0.3133502536E-06    0.2353674026E-06    0.1802967611E-06    0.1412147624E-06    0.1129982145E-06    0.9218456397E-07    0.7649316257E-07    0.6441828704E-07    0.5495146029E-07    0.4740441624E-07    0.4129728728E-07    0.3629000045E-07    0.3213541979E-07    0.2865171213E-07    0.2570267384E-07
        0.0012603830    0.5267396517E-06    0.3920971241E-06    0.2947369497E-06    0.2258987420E-06    0.1770006500E-06    0.1416721850E-06    0.1155989776E-06    0.9593491495E-07    0.8079866063E-07    0.6892918599E-07    0.5946525113E-07    0.5180616164E-07    0.4552582531E-07    0.4031466275E-07    0.3594476143E-07    0.3224540081E-07
        0.0013354516    0.6584529594E-06    0.4905906167E-06    0.3690352611E-06    0.2829909393E-06    0.2218162311E-06    0.1775884351E-06    0.1449314130E-06    0.1202928890E-06    0.1013225567E-06    0.8644355361E-07    0.7457830657E-07    0.6497479542E-07    0.5709943029E-07    0.5056441385E-07    0.4508409065E-07    0.4044447648E-07
        0.0014149914    0.8230458769E-06    0.6137555255E-06    0.4619935738E-06    0.3544489324E-06    0.2779236612E-06    0.2225629075E-06    0.1816663361E-06    0.1508008008E-06    0.1270299435E-06    0.1083824988E-06    0.9350985325E-07    0.8147105133E-07    0.7159785415E-07    0.6340454697E-07    0.5653320735E-07    0.5071588663E-07
        0.0014992685    0.1028681460E-05    0.7677325542E-06    0.5782650356E-06    0.4438607004E-06    0.3481459724E-06    0.2788616310E-06    0.2276564796E-06    0.1889983209E-06    0.1592190973E-06    0.1358540078E-06    0.1172164325E-06    0.1021285510E-06    0.8975393824E-07    0.7948404292E-07    0.7087101650E-07    0.6357887343E-07
        0.0015885652    0.1285529696E-05    0.9601751612E-06    0.7236514556E-06    0.5556994113E-06    0.4360032504E-06    0.3493105577E-06    0.2852127943E-06    0.2368062521E-06    0.1995092001E-06    0.1702406730E-06    0.1468913986E-06    0.1279872372E-06    0.1124815834E-06    0.9961270548E-07    0.8881947181E-07    0.7968120812E-07
        0.0016831804    0.1606252875E-05    0.1200615458E-05    0.9053801658E-06    0.6955398723E-06    0.5458831162E-06    0.4374322462E-06    0.3572155050E-06    0.2966186052E-06    0.2499187860E-06    0.2132656742E-06    0.1840218200E-06    0.1603434814E-06    0.1409205406E-06    0.1247997430E-06    0.1112785890E-06    0.9983037241E-07
        0.0017834310    0.2006605896E-05    0.1500917651E-05    0.1132448485E-05    0.8703230733E-06    0.6832488079E-06    0.5476134698E-06    0.4472523749E-06    0.3714170107E-06    0.3129618688E-06    0.2670755213E-06    0.2304609083E-06    0.2008121343E-06    0.1764902728E-06    0.1563026141E-06    0.1393697330E-06    0.1250323168E-06
        0.0018896524    0.2506178339E-05    0.1875838332E-05    0.1416052278E-05    0.1088685987E-05    0.8548993098E-06    0.6853147309E-06    0.5597883681E-06    0.4649131817E-06    0.3917676333E-06    0.3343422838E-06    0.2885147926E-06    0.2514032683E-06    0.2209576465E-06    0.1956859001E-06    0.1744880557E-06    0.1565391381E-06
        0.0020022005    0.3129306320E-05    0.2343716113E-05    0.1770104311E-05    0.1361366232E-05    0.1069288306E-05    0.8573241453E-06    0.7003759097E-06    0.5817222350E-06    0.4902283676E-06    0.4183880032E-06    0.3610517539E-06    0.3146167040E-06    0.2765204403E-06    0.2448964330E-06    0.2183697454E-06    0.1959081430E-06
        0.0021214519    0.3906203610E-05    0.2927322271E-05    0.2211887408E-05    0.1701699783E-05    0.1336917798E-05    0.1072076362E-05    0.8759141756E-06    0.7275794152E-06    0.6131793377E-06    0.5233419859E-06    0.4516360245E-06    0.3935586950E-06    0.3459084481E-06    0.3063526022E-06    0.2731713457E-06    0.2450743442E-06
        0.0022478059    0.4874342584E-05    0.3654908605E-05    0.2762845668E-05    0.2126241613E-05    0.1670822174E-05    0.1340041336E-05    0.1094965341E-05    0.9096037163E-06    0.7666240234E-06    0.6543295613E-06    0.5646911036E-06    0.4920851728E-06    0.4325122884E-06    0.3830569857E-06    0.3415704648E-06    0.3064400251E-06
        0.0023816857    0.6080159817E-05    0.4561490127E-05    0.3449561912E-05    0.2655513734E-05    0.2087164398E-05    0.1674200630E-05    0.1368150291E-05    0.1136622873E-05    0.9580059575E-06    0.8177070456E-06    0.7057050068E-06    0.6149797543E-06    0.5405358238E-06    0.4787338036E-06    0.4268881973E-06    0.3829845435E-06
        0.0025235393    0.7581135174E-05    0.5690425739E-05    0.4304962445E-05    0.3314934960E-05    0.2605964240E-05    0.2090638571E-05    0.1708624122E-05    0.1419573128E-05    0.1196547642E-05    0.1021349974E-05    0.8814751386E-06    0.7681663125E-06    0.6751874514E-06    0.5979950074E-06    0.5332373859E-06    0.4783990947E-06
        0.0026738417    0.9448352770E-05    0.7095339911E-05    0.5369771390E-05    0.4135956273E-05    0.3251993046E-05    0.2609252772E-05    0.2132665325E-05    0.1771990084E-05    0.1493663256E-05    0.1275001239E-05    0.1100414972E-05    0.9589775919E-06    0.8429136668E-06    0.7465513779E-06    0.6657107501E-06    0.5972517357E-06
        0.0028330962    0.1176961914E-04    0.8842487609E-05    0.6694312099E-05    0.5157434004E-05    0.4055863889E-05    0.3254637676E-05    0.2660395635E-05    0.2210600877E-05    0.1863458730E-05    0.1590708157E-05    0.1372921164E-05    0.1196476642E-05    0.1051679323E-05    0.9314593700E-06    0.8306008929E-06    0.7451886726E-06
        0.0030018359    0.1465325826E-04    0.1101362448E-04    0.8340696979E-05    0.6427343733E-05    0.5055365522E-05    0.4057155689E-05    0.3316649129E-05    0.2756057209E-05    0.2323350795E-05    0.1983341068E-05    0.1711831066E-05    0.1491851867E-05    0.1311323056E-05    0.1161432675E-05    0.1035677704E-05    0.9291809555E-06
        0.0031806258    0.1823276414E-04    0.1370951452E-04    0.1038547556E-04    0.8004814375E-05    0.6297085563E-05    0.5054233477E-05    0.4132053241E-05    0.3433818965E-05    0.2894807626E-05    0.2471234595E-05    0.2132974168E-05    0.1858902607E-05    0.1633971877E-05    0.1447211845E-05    0.1290522078E-05    0.1157823570E-05
        0.0033700645    0.2267239416E-04    0.1705416691E-04    0.1292288783E-04    0.9962642743E-05    0.7838375438E-05    0.6291959636E-05    0.5144308350E-05    0.4275230889E-05    0.3604269314E-05    0.3076964370E-05    0.2655836878E-05    0.2314611321E-05    0.2034558044E-05    0.1802021974E-05    0.1606925016E-05    0.1441699337E-05
        0.0035707861    0.2817400137E-04    0.2119999879E-04    0.1606875888E-04    0.1239030576E-04    0.9749738759E-05    0.7826980397E-05    0.6399766594E-05    0.5318839700E-05    0.4484238444E-05    0.3828279723E-05    0.3304383528E-05    0.2879864213E-05    0.2531440870E-05    0.2242129218E-05    0.1999393303E-05    0.1793819736E-05
        0.0037834628    0.3498530301E-04    0.2633407063E-04    0.1996525494E-04    0.1539763840E-04    0.1211772732E-04    0.9728846593E-05    0.7955335369E-05    0.6611960547E-05    0.5574617625E-05    0.4759261105E-05    0.4108022049E-05    0.3580300773E-05    0.3147160237E-05    0.2787496274E-05    0.2485729477E-05    0.2230159404E-05
        0.0040088065    0.4340975317E-04    0.3268557553E-04    0.2478659625E-04    0.1911925449E-04    0.1504841097E-04    0.1208278860E-04    0.9880746046E-05    0.8212576232E-05    0.6924318648E-05    0.5911668422E-05    0.5102814168E-05    0.4447347150E-05    0.3909342518E-05    0.3462597906E-05    0.3087759381E-05    0.2770297333E-05
        0.0042475717    0.5381857317E-04    0.4053490797E-04    0.3074592547E-04    0.2371985060E-04    0.1867157687E-04    0.1499311627E-04    0.1226134919E-04    0.1019165168E-04    0.8593175157E-05    0.7336613543E-05    0.6332875300E-05    0.5519459580E-05    0.4851794433E-05    0.4297372893E-05    0.3832177962E-05    0.3438194000E-05
        0.0045005579    0.6666498134E-04    0.5022449330E-04    0.3810354300E-04    0.2940058392E-04    0.2314574476E-04    0.1858721826E-04    0.1520137801E-04    0.1263585564E-04    0.1065430259E-04    0.9096509658E-05    0.7852096741E-05    0.6843611827E-05    0.6015816198E-05    0.5328396381E-05    0.4751614803E-05    0.4263115511E-05
        0.0047686119    0.8250149259E-04    0.6217167051E-04    0.4717679581E-04    0.3640664909E-04    0.2866417774E-04    0.2302040532E-04    0.1882792667E-04    0.1565088410E-04    0.1319682610E-04    0.1126746732E-04    0.9726196163E-05    0.8477078133E-05    0.7451741681E-05    0.6600277502E-05    0.5885838864E-05    0.5280747016E-05
        0.0050526313    0.1020001657E-03    0.7688430034E-04    0.5835177983E-04    0.4503647842E-04    0.3546205322E-04    0.2848167680E-04    0.2329564589E-04    0.1936534005E-04    0.1632922058E-04    0.1394212114E-04    0.1203511253E-04    0.1048955794E-04    0.9220856909E-05    0.8167283837E-05    0.7283249653E-05    0.6534513674E-05
        0.0053535669    0.1259770140E-03    0.9497899296E-04    0.7209735680E-04    0.5565241254E-04    0.4382495162E-04    0.3520055332E-04    0.2879235796E-04    0.2393538604E-04    0.2018318790E-04    0.1723294644E-04    0.1487597691E-04    0.1296569441E-04    0.1139757155E-04    0.1009533830E-04    0.9002638307E-05    0.8077153890E-05
        0.0056724263    0.1554206750E-03    0.1172027526E-03    0.8898160395E-04    0.6869348662E-04    0.5409892640E-04    0.4345515865E-04    0.3554563544E-04    0.2955026724E-04    0.2491833209E-04    0.2127626204E-04    0.1836645125E-04    0.1600805981E-04    0.1407205432E-04    0.1246429391E-04    0.1111520218E-04    0.9972574908E-05
        0.0060102770    0.1915259747E-03    0.1444586917E-03    0.1096912233E-03    0.8469053211E-04    0.6670232886E-04    0.5358175730E-04    0.4383062737E-04    0.3643877693E-04    0.3072765842E-04    0.2623683328E-04    0.2264880572E-04    0.1974065898E-04    0.1735333693E-04    0.1537070822E-04    0.1370708636E-04    0.1229804300E-04
        0.0063682502    0.2357340094E-03    0.1778358326E-03    0.1350544411E-03    0.1042835454E-03    0.8213966189E-04    0.6598580719E-04    0.5397917313E-04    0.4487689363E-04    0.3784389225E-04    0.3231340002E-04    0.2789464856E-04    0.2431305911E-04    0.2137285526E-04    0.1893107499E-04    0.1688214332E-04    0.1514674125E-04
        0.0067475443    0.2897778713E-03    0.2186440302E-03    0.1660674361E-03    0.1282426488E-03    0.1010179537E-03    0.8115512282E-04    0.6639044506E-04    0.5519656861E-04    0.4654702571E-04    0.3974507914E-04    0.3431032089E-04    0.2990517299E-04    0.2628881185E-04    0.2328547625E-04    0.2076531030E-04    0.1863076802E-04
        0.0071494293    0.3557364826E-03    0.2684545825E-03    0.2039250290E-03    0.1574914089E-03    0.1240651128E-03    0.9967483505E-04    0.8154328794E-04    0.6779594443E-04    0.5717284940E-04    0.4881865295E-04    0.4214348577E-04    0.3673281604E-04    0.3229093728E-04    0.2860200238E-04    0.2550648954E-04    0.2288459891E-04
        0.0075752506    0.4360958434E-03    0.3291464532E-03    0.2500565398E-03    0.1931344693E-03    0.1521518617E-03    0.1222448280E-03    0.1000103424E-03    0.8315124122E-04    0.7012300346E-04    0.5987715486E-04    0.5169023050E-04    0.4505411715E-04    0.3960613643E-04    0.3508156415E-04    0.3128484615E-04    0.2806904982E-04
        0.0080264338    0.5338192774E-03    0.4029595025E-03    0.3061652208E-03    0.2364885793E-03    0.1863161269E-03    0.1496992125E-03    0.1224742838E-03    0.1018301066E-03    0.8587635874E-04    0.7332935071E-04    0.6330355973E-04    0.5517675201E-04    0.4850493774E-04    0.4296384150E-04    0.3831413269E-04    0.3437583886E-04
        0.0085044897    0.6524272532E-03    0.4925545960E-03    0.3742747469E-03    0.2891177189E-03    0.2277906765E-03    0.1830289351E-03    0.1497460312E-03    0.1245069629E-03    0.1050016271E-03    0.8966104640E-04    0.7740285385E-04    0.6746622528E-04    0.5930853741E-04    0.5253342959E-04    0.4684814189E-04    0.4203268994E-04
        0.0090110186    0.7960850644E-03    0.6010799998E-03    0.4567795400E-03    0.3528728398E-03    0.2780345944E-03    0.2234064913E-03    0.1827850216E-03    0.1519797256E-03    0.1281718566E-03    0.1094468684E-03    0.9448405582E-04    0.8235494271E-04    0.7239722874E-04    0.6412707604E-04    0.5718718038E-04    0.5130904834E-04
        0.0095477165    0.9697008298E-03    0.7322449827E-03    0.5565002807E-03    0.4299342369E-03    0.3387663045E-03    0.2722131286E-03    0.2227217100E-03    0.1851882691E-03    0.1561796902E-03    0.1333638679E-03    0.1151318544E-03    0.1003525573E-03    0.8821887903E-04    0.7814158538E-04    0.6968512691E-04    0.6252243469E-04
        0.0101163802    0.1179030829E-02    0.8903998065E-03    0.6767457470E-03    0.5228589921E-03    0.4120011521E-03    0.3310690139E-03    0.2708815164E-03    0.2252348476E-03    0.1899547340E-03    0.1622060267E-03    0.1400315411E-03    0.1220563117E-03    0.1072986677E-03    0.9504193606E-04    0.8475662666E-04    0.7604485260E-04
        0.0107189136    0.1430787184E-02    0.1080617587E-02    0.8213732973E-03    0.6346289953E-03    0.5000894018E-03    0.4018625202E-03    0.3288100448E-03    0.2734046272E-03    0.2305812211E-03    0.1968987060E-03    0.1699823106E-03    0.1481628497E-03    0.1302490836E-03    0.1153707981E-03    0.1028856563E-03    0.9231055282E-04
        0.0113573340    0.1732755548E-02    0.1308780884E-02    0.9948557184E-03    0.7687002236E-03    0.6057555438E-03    0.4867834812E-03    0.3982993957E-03    0.3311877572E-03    0.2793157130E-03    0.2385153531E-03    0.2059107621E-03    0.1794797106E-03    0.1577797204E-03    0.1397569311E-03    0.1246329045E-03    0.1118225997E-03
        0.0120337789    0.2093899438E-02    0.1581661838E-02    0.1202342452E-02    0.9290527060E-03    0.7321355406E-03    0.5883522251E-03    0.4814111446E-03    0.4002993247E-03    0.3376047387E-03    0.2882909626E-03    0.2488826924E-03    0.2169361571E-03    0.1907079051E-03    0.1689241984E-03    0.1506437634E-03    0.1351600167E-03
        0.0127505129    0.2524459894E-02    0.1906997158E-02    0.1449714188E-02    0.1120231169E-02    0.8828110676E-03    0.7094465980E-03    0.5805011280E-03    0.4826972271E-03    0.4070994735E-03    0.3476359133E-03    0.3001161612E-03    0.2615939876E-03    0.2299665981E-03    0.2036987137E-03    0.1816553913E-03    0.1629840841E-03
        0.0135099357    0.3036033248E-02    0.2293543817E-02    0.1743628872E-02    0.1347379077E-02    0.1061835053E-02    0.8533246306E-03    0.6982338902E-03    0.5805970794E-03    0.4896686863E-03    0.4181462209E-03    0.3609886079E-03    0.3146534514E-03    0.2766113270E-03    0.2450154187E-03    0.2185011214E-03    0.1960429359E-03
        0.0143145899    0.3641607887E-02    0.2751112145E-02    0.2091539747E-02    0.1616254313E-02    0.1273744884E-02    0.1023631185E-02    0.8375924167E-03    0.6964799368E-03    0.5874046504E-03    0.5016072541E-03    0.4330423787E-03    0.3774588249E-03    0.3318240019E-03    0.2939213449E-03    0.2621148338E-03    0.2351739787E-03
        0.0151671694    0.4355562059E-02    0.3290552264E-02    0.2501692234E-02    0.1933225146E-02    0.1523558109E-02    0.1224397802E-02    0.1001875662E-02    0.8330874817E-03    0.7026195813E-03    0.5999945476E-03    0.5179816235E-03    0.4514959022E-03    0.3969098176E-03    0.3515731863E-03    0.3135280061E-03    0.2813028282E-03
        0.0160705288    0.5193582753E-02    0.3923700223E-02    0.2983075217E-02    0.2305234528E-02    0.1816742031E-02    0.1460017259E-02    0.1194674991E-02    0.9934079704E-03    0.8378334082E-03    0.7154589995E-03    0.6176630666E-03    0.5383828696E-03    0.4732925948E-03    0.4192317095E-03    0.3738649674E-03    0.3354378532E-03
        0.0170276923    0.6172503210E-02    0.4663250661E-02    0.3545324692E-02    0.2739721294E-02    0.2159156365E-02    0.1735195019E-02    0.1419841945E-02    0.1180640678E-02    0.9957432509E-03    0.8503047869E-03    0.7340768039E-03    0.6398548003E-03    0.5624960696E-03    0.4982460324E-03    0.4443283666E-03    0.3986592587E-03
        0.0180418647    0.7310051904E-02    0.5522560937E-02    0.4198579285E-02    0.3244508088E-02    0.2556958914E-02    0.2054878586E-02    0.1681420724E-02    0.1398147208E-02    0.1179185586E-02    0.1006953072E-02    0.8693115889E-03    0.7577311154E-03    0.6661209527E-03    0.5900337854E-03    0.5261837253E-03    0.4721012528E-03
        0.0191164414    0.8624491304E-02    0.6515380501E-02    0.4953261446E-02    0.3827631833E-02    0.3016475917E-02    0.2424145238E-02    0.1983564774E-02    0.1649381645E-02    0.1391070650E-02    0.1187886908E-02    0.1025513330E-02    0.8938820315E-03    0.7858104701E-03    0.6960515094E-03    0.6207285586E-03    0.5569283570E-03
        0.0202550201    0.1013421718E-01    0.7655535159E-02    0.5819841796E-02    0.4497164380E-02    0.3544055670E-02    0.2848090878E-02    0.2330439186E-02    0.1937805178E-02    0.1634316859E-02    0.1395598767E-02    0.1204829331E-02    0.1050180745E-02    0.9232113043E-03    0.8177571878E-03    0.7292634899E-03    0.6543073138E-03
        0.0214614127    0.1185729058E-01    0.8956574887E-02    0.6808571440E-02    0.5260994827E-02    0.4145899743E-02    0.3331688820E-02    0.2726109366E-02    0.2266793358E-02    0.1911769373E-02    0.1632518059E-02    0.1409358962E-02    0.1228454802E-02    0.1079930006E-02    0.9565743410E-03    0.8530577783E-03    0.7653763900E-03
        0.0227396583    0.1381109842E-01    0.1043151421E-01    0.7929268151E-02    0.6126674204E-02    0.4827937562E-02    0.3879692316E-02    0.3174456558E-02    0.2639570857E-02    0.2226144072E-02    0.1900964142E-02    0.1641102087E-02    0.1430447577E-02    0.1257498382E-02    0.1113858153E-02    0.9933188519E-03    0.8912210266E-03
        0.0240940364    0.1601219969E-01    0.1209270382E-01    0.9191234013E-02    0.7101342655E-02    0.5595764056E-02    0.4496586970E-02    0.3679140208E-02    0.3059173011E-02    0.2580001883E-02    0.2203117887E-02    0.1901941810E-02    0.1657799674E-02    0.1457360001E-02    0.1290885283E-02    0.1151188019E-02    0.1032862590E-02
        0.0255290816    0.1847658566E-01    0.1395202202E-01    0.1060338723E-01    0.8191815268E-02    0.6454723906E-02    0.5186642610E-02    0.4243646351E-02    0.3528496093E-02    0.2975778407E-02    0.2541056253E-02    0.2193672516E-02    0.1912072976E-02    0.1680882937E-02    0.1488873150E-02    0.1327747605E-02    0.1191272874E-02
        0.0270495982    0.2122051948E-01    0.1602151064E-01    0.1217473809E-01    0.9404990429E-02    0.7410202865E-02    0.5954164191E-02    0.4871483601E-02    0.4050449767E-02    0.3415922899E-02    0.2916870855E-02    0.2518090440E-02    0.2194835412E-02    0.1929449466E-02    0.1709040782E-02    0.1524085593E-02    0.1367427930E-02
        0.0286606771    0.2426215386E-01    0.1831458751E-01    0.1391531231E-01    0.1074851879E-01    0.8468180064E-02    0.6803926156E-02    0.5566543898E-02    0.4628256969E-02    0.3903148790E-02    0.3332876194E-02    0.2877197001E-02    0.2507827753E-02    0.2204586567E-02    0.1952743317E-02    0.1741410394E-02    0.1562409733E-02
        0.0303677122    0.2762394334E-01    0.2084785866E-01    0.1583755084E-01    0.1223189408E-01    0.9636075747E-02    0.7741862376E-02    0.6333659300E-02    0.5265925714E-02    0.4440826654E-02    0.3791950000E-02    0.3273471363E-02    0.2853208601E-02    0.2508193435E-02    0.2221657978E-02    0.1981214460E-02    0.1777561570E-02
        0.0321764186    0.3133588734E-01    0.2364360143E-01    0.1795814208E-01    0.1386789436E-01    0.1092388616E-01    0.8775970126E-02    0.7179347655E-02    0.5968860364E-02    0.5033515034E-02    0.4297970416E-02    0.3710263634E-02    0.3233896878E-02    0.2842831581E-02    0.2518054146E-02    0.2245527508E-02    0.2014701674E-02
        0.0340928518    0.3543945083E-01    0.2673266228E-01    0.2030026558E-01    0.1567427527E-01    0.1234553191E-01    0.9917380492E-02    0.8112702777E-02    0.6744612921E-02    0.5687566801E-02    0.4856358010E-02    0.4192247805E-02    0.3653965798E-02    0.3212080443E-02    0.2845105775E-02    0.2537173986E-02    0.2276362724E-02
        0.0361234282    0.3999176361E-01    0.3015766325E-01    0.2289604011E-01    0.1767569030E-01    0.1392034216E-01    0.1118158019E-01    0.9146353881E-02    0.7603669729E-02    0.6411816356E-02    0.5474658461E-02    0.4725929899E-02    0.4119085926E-02    0.3620924885E-02    0.3207225668E-02    0.2860089361E-02    0.2566076480E-02
        0.0382749460    0.4507016301E-01    0.3397644362E-01    0.2578907428E-01    0.1990565358E-01    0.1567462607E-01    0.1258964690E-01    0.1029753060E-01    0.8560331029E-02    0.7218315242E-02    0.6163152680E-02    0.5320183625E-02    0.4636980435E-02    0.4076156867E-02    0.3610425628E-02    0.3219635725E-02    0.2888652667E-02
        0.0405546087    0.5077670807E-01    0.3826540241E-01    0.2903706755E-01    0.2240853390E-01    0.1764322499E-01    0.1416952733E-01    0.1158904564E-01    0.9633545090E-02    0.8123025961E-02    0.6935467289E-02    0.5986773547E-02    0.5217909068E-02    0.4586787311E-02    0.4062684284E-02    0.3622925731E-02    0.3250471308E-02
        0.0429700484    0.5724283438E-01    0.4312306985E-01    0.3271449167E-01    0.2524161909E-01    0.1987115714E-01    0.1595730926E-01    0.1305039948E-01    0.1084781162E-01    0.9146608828E-02    0.7809224622E-02    0.6740902404E-02    0.5875118996E-02    0.5164461265E-02    0.4574322258E-02    0.4079163030E-02    0.3659794534E-02
        0.0455293522    0.6463402296E-01    0.4867355170E-01    0.3691515481E-01    0.2847712245E-01    0.2241516099E-01    0.1799852542E-01    0.1471878290E-01    0.1223404465E-01    0.1031510764E-01    0.8806661682E-02    0.7601759495E-02    0.6625330869E-02    0.5823872256E-02    0.5158354137E-02    0.4599951431E-02    0.4127026774E-02
        0.0482410886    0.7315348652E-01    0.5506932038E-01    0.4175437624E-01    0.3220382975E-01    0.2534504279E-01    0.2034913987E-01    0.1663993590E-01    0.1383023765E-01    0.1166054913E-01    0.9955116775E-02    0.8592938676E-02    0.7489102990E-02    0.6583100388E-02    0.5830784535E-02    0.5199566321E-02    0.4664978313E-02
        0.0511143364    0.8304246812E-01    0.6249134114E-01    0.4736903473E-01    0.3652712062E-01    0.2874361749E-01    0.2307559164E-01    0.1886817452E-01    0.1568150467E-01    0.1322095790E-01    0.1128704383E-01    0.9742451040E-02    0.8490848686E-02    0.7463593124E-02    0.6610611595E-02    0.5894944294E-02    0.5288837362E-02
        0.0541587155    0.9457174214E-01    0.7114269332E-01    0.5391264045E-01    0.4156511584E-01    0.3270371161E-01    0.2625234967E-01    0.2146431941E-01    0.1783836903E-01    0.1503891261E-01    0.1283879365E-01    0.1108167362E-01    0.9657910406E-02    0.8489386585E-02    0.7519118028E-02    0.6705064612E-02    0.6015644537E-02
        0.0573844182    0.1080159151E+00    0.8122881118E-01    0.6154027674E-01    0.4743705758E-01    0.3731895268E-01    0.2995444704E-01    0.2448967947E-01    0.2035175637E-01    0.1715733568E-01    0.1464697120E-01    0.1264219068E-01    0.1101780678E-01    0.9684667513E-02    0.8577735950E-02    0.7649036095E-02    0.6862537283E-02
        0.0608022445    0.1235995943E+00    0.9291680354E-01    0.7037742970E-01    0.5423905923E-01    0.4266463324E-01    0.3424216185E-01    0.2799340466E-01    0.2326246222E-01    0.1961057282E-01    0.1674089736E-01    0.1444928453E-01    0.1259256893E-01    0.1106878854E-01    0.9803603921E-02    0.8742139421E-02    0.7843217392E-02
        0.0644236370    0.1414074257E+00    0.1062669054E+00    0.8046781447E-01    0.6200375646E-01    0.4876581996E-01    0.3913524680E-01    0.3199146772E-01    0.2658364662E-01    0.2240965742E-01    0.1912994435E-01    0.1651102827E-01    0.1438920691E-01    0.1264792030E-01    0.1120216693E-01    0.9989233158E-02    0.8962046667E-02
        0.0682607204    0.1612641911E+00    0.1211415238E+00    0.9170385010E-01    0.7064638243E-01    0.5555479778E-01    0.4457876956E-01    0.3643866254E-01    0.3027753056E-01    0.2552260934E-01    0.2178676372E-01    0.1880376957E-01    0.1638709193E-01    0.1440389230E-01    0.1275732751E-01    0.1137594615E-01    0.1020611263E-01
        0.0723263411    0.1826213611E+00    0.1371191097E+00    0.1037609089E+00    0.7991373437E-01    0.6283076432E-01    0.5041068503E-01    0.4120194320E-01    0.3423324662E-01    0.2885582885E-01    0.2463130821E-01    0.2125837275E-01    0.1852592363E-01    0.1628368503E-01    0.1442209273E-01    0.1286036438E-01    0.1153783352E-01
        0.0766341109    0.2045305609E+00    0.1534736512E+00    0.1160816409E+00    0.8937209068E-01    0.7025025549E-01    0.5635401422E-01    0.4605416722E-01    0.3826163248E-01    0.3224956203E-01    0.2752704691E-01    0.2375688462E-01    0.2070284832E-01    0.1819683122E-01    0.1611635438E-01    0.1437103742E-01    0.1289307552E-01
        0.0811984523    0.2258150096E+00    0.1693047312E+00    0.1279748154E+00    0.9848366736E-01    0.7738736372E-01    0.6206539848E-01    0.5071372946E-01    0.4212816881E-01    0.3550580154E-01    0.3030478138E-01    0.2615312358E-01    0.2279041020E-01    0.2003129119E-01    0.1774080701E-01    0.1581938383E-01    0.1419235122E-01
        0.0860346467    0.2455182397E+00    0.1838774190E+00    0.1388746899E+00    0.1068073512E+00    0.8389234338E-01    0.6726245984E-01    0.5494889127E-01    0.4563974596E-01    0.3846145044E-01    0.3282509273E-01    0.2832669327E-01    0.2468355852E-01    0.2169466140E-01    0.1921359066E-01    0.1713240812E-01    0.1537015970E-01
        0.0911588856    0.2635691234E+00    0.1971266553E+00    0.1487251907E+00    0.1142962309E+00    0.8972621880E-01    0.7191284151E-01    0.5873252351E-01    0.4877341671E-01    0.4109690017E-01    0.3507111852E-01    0.3026291353E-01    0.2636949903E-01    0.2317564617E-01    0.2052467857E-01    0.1830111737E-01    0.1641842135E-01
        0.0965883252    0.2813916103E+00    0.2101192789E+00    0.1583323664E+00    0.1215702114E+00    0.9537593527E-01    0.7640697958E-01    0.6238361033E-01    0.5179410965E-01    0.4363549570E-01    0.3723343450E-01    0.3212627852E-01    0.2799155651E-01    0.2460022255E-01    0.2178562445E-01    0.1942503987E-01    0.1742642236E-01
        0.1023411431    0.3020451519E+00    0.2251600428E+00    0.1694448380E+00    0.1299786053E+00    0.1019038136E+00    0.8159794580E-01    0.6659984541E-01    0.5528182330E-01    0.4656620557E-01    0.3972952305E-01    0.3427714155E-01    0.2986379182E-01    0.2624445049E-01    0.2324099872E-01    0.2072221917E-01    0.1858981317E-01
        0.1084365999    0.3295473259E+00    0.2452781056E+00    0.1843619002E+00    0.1412963960E+00    0.1107074917E+00    0.8860841203E-01    0.7229946017E-01    0.5999992946E-01    0.5053275858E-01    0.4310903184E-01    0.3718992977E-01    0.3239974335E-01    0.2847189939E-01    0.2521277376E-01    0.2247978646E-01    0.2016618254E-01
        0.1148951032    0.3672506608E+00    0.2729944283E+00    0.2049937396E+00    0.1569960028E+00    0.1229455031E+00    0.9836817805E-01    0.8024276125E-01    0.6658016976E-01    0.5606774269E-01    0.4782662963E-01    0.4125716240E-01    0.3594141839E-01    0.3158316736E-01    0.2796720720E-01    0.2493520282E-01    0.2236858379E-01
        0.1217382761    0.4154686114E+00    0.3085209254E+00    0.2314872406E+00    0.1771831247E+00    0.1386967662E+00    0.1109383371E+00    0.9047823496E-01    0.7506212160E-01    0.6320400323E-01    0.5391010075E-01    0.4650257873E-01    0.4050947193E-01    0.3559632255E-01    0.3152025831E-01    0.2810260725E-01    0.2520968175E-01
        0.1289890297    0.4693906855E+00    0.3481778766E+00    0.2610185817E+00    0.1996609611E+00    0.1562218810E+00    0.1249164928E+00    0.1018558234E+00    0.8448790201E-01    0.7113291174E-01    0.6066832602E-01    0.5232924826E-01    0.4558335640E-01    0.4005362900E-01    0.3546636105E-01    0.3162036303E-01    0.2836495364E-01
        0.1366716394    0.5198233039E+00    0.3849541710E+00    0.2882197132E+00    0.2202600522E+00    0.1722234144E+00    0.1376461545E+00    0.1121981459E+00    0.9304488844E-01    0.7832432500E-01    0.6679387931E-01    0.5760796037E-01    0.5017849531E-01    0.4408931648E-01    0.3903859853E-01    0.3480437451E-01    0.3122060858E-01
        0.1448118267    0.5591080019E+00    0.4129961429E+00    0.3086007377E+00    0.2354890308E+00    0.1839373681E+00    0.1468993466E+00    0.1196781407E+00    0.9921165703E-01    0.8349378218E-01    0.7118912575E-01    0.6139053961E-01    0.5346814731E-01    0.4697647298E-01    0.4159285967E-01    0.3708017750E-01    0.3326112420E-01
        0.1534368450    0.5894778796E+00    0.4339451763E+00    0.3233832569E+00    0.2462771635E+00    0.1920882273E+00    0.1532534738E+00    0.1247659154E+00    0.1033774177E+00    0.8696863552E-01    0.7413307721E-01    0.6391765871E-01    0.5566175127E-01    0.4889907470E-01    0.4329205752E-01    0.3859298975E-01    0.3461675340E-01
        0.1625755710    0.6251529780E+00    0.4585271864E+00    0.3407128778E+00    0.2589137751E+00    0.2016296366E+00    0.1606880953E+00    0.1307166256E+00    0.1082484703E+00    0.9103093994E-01    0.7757431675E-01    0.6687130388E-01    0.5822545487E-01    0.5114588536E-01    0.4527766958E-01    0.4036074194E-01    0.3620083251E-01
        0.1722586011    0.6826784349E+00    0.4992221241E+00    0.3700671207E+00    0.2807174401E+00    0.2183260096E+00    0.1738338877E+00    0.1413183892E+00    0.1169740310E+00    0.9833659164E-01    0.8378038433E-01    0.7220904067E-01    0.6286541104E-01    0.5521678839E-01    0.4887827374E-01    0.4356823478E-01    0.3907631584E-01
        0.1825183542    0.7648041161E+00    0.5580318818E+00    0.4129251512E+00    0.3128069705E+00    0.2430459297E+00    0.1933814669E+00    0.1571320496E+00    0.1300180922E+00    0.1092752103E+00    0.9308329154E-01    0.8021684727E-01    0.6983056122E-01    0.6133028266E-01    0.5428734931E-01    0.4838788063E-01    0.4339783471E-01
        0.1933891800    0.8522074248E+00    0.6201954929E+00    0.4579700167E+00    0.3463844894E+00    0.2688263789E+00    0.2137185081E+00    0.1735557985E+00    0.1435486863E+00    0.1206117395E+00    0.1027184997E+00    0.8850674585E-01    0.7703865489E-01    0.6765557815E-01    0.5988273925E-01    0.5337288332E-01    0.4786718915E-01
        0.2049074742    0.9209540989E+00    0.6674319010E+00    0.4911866835E+00    0.3705540434E+00    0.2870441034E+00    0.2278944893E+00    0.1848909134E+00    0.1528202653E+00    0.1283398916E+00    0.1092623488E+00    0.9412178151E-01    0.8191132502E-01    0.7192530871E-01    0.6365569901E-01    0.5673155887E-01    0.5087668635E-01
        0.2171118001    0.9769351108E+00    0.7040663978E+00    0.5157917150E+00    0.3877606873E+00    0.2996033382E+00    0.2374272161E+00    0.1923718657E+00    0.1588550989E+00    0.1333191309E+00    0.1134473665E+00    0.9769332750E-01    0.8499831828E-01    0.7462228939E-01    0.6603372219E-01    0.5884507299E-01    0.5276812205E-01
        0.2300430177    0.1055278388E+01    0.7565869174E+00    0.5518966289E+00    0.4135315682E+00    0.3187325979E+00    0.2521391838E+00    0.2040331612E+00    0.1683323937E+00    0.1411818529E+00    0.1200824816E+00    0.1033725382E+00    0.8991769212E-01    0.7892709382E-01    0.6983395486E-01    0.6222552134E-01    0.5579544910E-01
        0.2437444211    0.1170851395E+01    0.8360814892E+00    0.6078503295E+00    0.4542730187E+00    0.3494552634E+00    0.2760530819E+00    0.2231582552E+00    0.1839777029E+00    0.1542237588E+00    0.1311264000E+00    0.1128492501E+00    0.9814167995E-01    0.8613355163E-01    0.7620206778E-01    0.6789453201E-01    0.6087507611E-01
        0.2582618824    0.1290830909E+01    0.9174096083E+00    0.6643389859E+00    0.4949470488E+00    0.3798568754E+00    0.2995582634E+00    0.2418625974E+00    0.1992230009E+00    0.1668983067E+00    0.1418384509E+00    0.1220281593E+00    0.1060990737E+00    0.9310101317E-01    0.8235559290E-01    0.7337017917E-01    0.6577984500E-01
        0.2736440064    0.1391281667E+01    0.9821288661E+00    0.7071301848E+00    0.5244360354E+00    0.4011089982E+00    0.3155218738E+00    0.2542884862E+00    0.2091845008E+00    0.1750790917E+00    0.1486903299E+00    0.1278604829E+00    0.1111304646E+00    0.9749055239E-01    0.8622185081E-01    0.7680361752E-01    0.6885075831E-01
        0.2899422924    0.1509111464E+01    0.1057930431E+01    0.7571699797E+00    0.5588660320E+00    0.4258858678E+00    0.3341102553E+00    0.2687426604E+00    0.2207629818E+00    0.1845820867E+00    0.1566460722E+00    0.1346300974E+00    0.1169689296E+00    0.1025832471E+00    0.9070689108E-01    0.8078614273E-01    0.7241248717E-01
        0.3072113072    0.1668695510E+01    0.1162944665E+01    0.8280832647E+00    0.6086754858E+00    0.4623629466E+00    0.3618640661E+00    0.2905603616E+00    0.2383847807E+00    0.1991344340E+00    0.1688846946E+00    0.1450791592E+00    0.1260033110E+00    0.1104781961E+00    0.9766928743E-01    0.8697481114E-01    0.7795147489E-01
        0.3255088677    0.1831803589E+01    0.1267710083E+01    0.8971300129E+00    0.6560974520E+00    0.4964287037E+00    0.3873807683E+00    0.3103757003E+00    0.2542410518E+00    0.2121377213E+00    0.1797638989E+00    0.1543320872E+00    0.1339806669E+00    0.1174348349E+00    0.1037945312E+00    0.9241296583E-01    0.8281444707E-01
        0.3448962341    0.1997857787E+01    0.1371270172E+01    0.9632809711E+00    0.7001645394E+00    0.5272229879E+00    0.4099127063E+00    0.3275443141E+00    0.2677769745E+00    0.2231125500E+00    0.1888675230E+00    0.1620251489E+00    0.1405813645E+00    0.1231701018E+00    0.1088309536E+00    0.9687529644E-01    0.8679872762E-01
        0.3654383156    0.2206730636E+01    0.1503305108E+01    0.1048853381E+01    0.7579810322E+00    0.5681435078E+00    0.4401800047E+00    0.3508108583E+00    0.2862472025E+00    0.2381677102E+00    0.2014058883E+00    0.1726525084E+00    0.1497202847E+00    0.1311243599E+00    0.1158245960E+00    0.1030778523E+00    0.9234071071E-01
        0.3872038871    0.2436166386E+01    0.1646219883E+01    0.1140012931E+01    0.8185920995E+00    0.6104069251E+00    0.4710378369E+00    0.3742785258E+00    0.3047193392E+00    0.2531254163E+00    0.2138005306E+00    0.1831183991E+00    0.1586947528E+00    0.1389187108E+00    0.1226667505E+00    0.1091386507E+00    0.9775113126E-01
        0.4102658199    0.2686126396E+01    0.1799176931E+01    0.1235653266E+01    0.8808709926E+00    0.6529687631E+00    0.5015563061E+00    0.3971339410E+00    0.3224857683E+00    0.2673700292E+00    0.2255145572E+00    0.1929518324E+00    0.1670897126E+00    0.1461855055E+00    0.1290296448E+00    0.1147642076E+00    0.1027658050E+00
        0.4347013256    0.2982755137E+01    0.1981111283E+01    0.1349701765E+01    0.9553089249E+00    0.7039383762E+00    0.5381605404E+00    0.4245804895E+00    0.3438408469E+00    0.2845040168E+00    0.2396117978E+00    0.2047906959E+00    0.1771995463E+00    0.1549386501E+00    0.1366953238E+00    0.1215423854E+00    0.1088084927E+00
        0.4605922143    0.3310060320E+01    0.2178801264E+01    0.1471438457E+01    0.1033230699E+01    0.7562525492E+00    0.5750420160E+00    0.4517876662E+00    0.3647219581E+00    0.3010731183E+00    0.2531258746E+00    0.2160632135E+00    0.1867760085E+00    0.1631972135E+00    0.1439062394E+00    0.1279039206E+00    0.1144699327E+00
        0.4880251691    0.3687920935E+01    0.2406132042E+01    0.1610764714E+01    0.1121901711E+01    0.8154096719E+00    0.6164859797E+00    0.4821828886E+00    0.3879317072E+00    0.3194125783E+00    0.2680328894E+00    0.2284643267E+00    0.1972893663E+00    0.1722493698E+00    0.1518003193E+00    0.1348616809E+00    0.1206576439E+00
        0.5170920355    0.4117101790E+01    0.2662291381E+01    0.1766251299E+01    0.1219734814E+01    0.8798737405E+00    0.6610897868E+00    0.5145190149E+00    0.4123734478E+00    0.3385609041E+00    0.2834895642E+00    0.2412520795E+00    0.2080838945E+00    0.1815127286E+00    0.1598580674E+00    0.1419499317E+00    0.1269519524E+00
        0.5478901297    0.4608419839E+01    0.2953923506E+01    0.1942060537E+01    0.1329412957E+01    0.9514407521E+00    0.7101071425E+00    0.5497082604E+00    0.4387376084E+00    0.3590587971E+00    0.2999321017E+00    0.2547865490E+00    0.2194634635E+00    0.1912477579E+00    0.1683057778E+00    0.1493674644E+00    0.1335293233E+00
        0.5805225639    0.5170120914E+01    0.3285522642E+01    0.2140593984E+01    0.1452177485E+01    0.1030717414E+01    0.7638030598E+00    0.5878344707E+00    0.4670128640E+00    0.3808474309E+00    0.3172791935E+00    0.2689788228E+00    0.2313377777E+00    0.2013673562E+00    0.1770610832E+00    0.1570373823E+00    0.1403183657E+00
        0.6150985918    0.5814130063E+01    0.3664175350E+01    0.2366115297E+01    0.1590632481E+01    0.1119335008E+01    0.8232336500E+00    0.6296067849E+00    0.4976950874E+00    0.4042870304E+00    0.3358029906E+00    0.2840409217E+00    0.2438774498E+00    0.2120118744E+00    0.1862421389E+00    0.1650609095E+00    0.1474073641E+00
        0.6517339740    0.6551199690E+01    0.4095862739E+01    0.2621915130E+01    0.1746540891E+01    0.1218199262E+01    0.8888300534E+00    0.6751976192E+00    0.5308172151E+00    0.4293379868E+00    0.3554269317E+00    0.2998796163E+00    0.2569842192E+00    0.2230838676E+00    0.1957553310E+00    0.1733499183E+00    0.1547136464E+00
        0.6905513662    0.7396447492E+01    0.4589677597E+01    0.2913544616E+01    0.1923328726E+01    0.1329466714E+01    0.9619889459E+00    0.7255430727E+00    0.5670300494E+00    0.4564691280E+00    0.3765018347E+00    0.3167669784E+00    0.2708748015E+00    0.2347606534E+00    0.2057491513E+00    0.1820308294E+00    0.1623470378E+00
        0.7316807292    0.8364160914E+01    0.5153880098E+01    0.3245794064E+01    0.2123739797E+01    0.1454685510E+01    0.1043568050E+01    0.7811037989E+00    0.6065675643E+00    0.4857857560E+00    0.3990593029E+00    0.3346926545E+00    0.2855164578E+00    0.2469981250E+00    0.2161739477E+00    0.1910526193E+00    0.1702571352E+00
        0.7752597644    0.9471544374E+01    0.5798769399E+01    0.3624913115E+01    0.2351560526E+01    0.1596155880E+01    0.1134978322E+01    0.8427603781E+00    0.6499896011E+00    0.5176513936E+00    0.4233413684E+00    0.3538225008E+00    0.3010254049E+00    0.2598801131E+00    0.2270923055E+00    0.2004630824E+00    0.1784811078E+00
        0.8214343748    0.1073741238E+02    0.6535724289E+01    0.4057892972E+01    0.2611070923E+01    0.1756495592E+01    0.1237831169E+01    0.9115160715E+00    0.6979319880E+00    0.5524768729E+00    0.4496194386E+00    0.3743394960E+00    0.3175284678E+00    0.2734961033E+00    0.2385692932E+00    0.2103106356E+00    0.1870561367E+00
        0.8703591532    0.1218180689E+02    0.7376960637E+01    0.4552317669E+01    0.2906938560E+01    0.1938555453E+01    0.1353865852E+01    0.9884366371E+00    0.7510523567E+00    0.5906716242E+00    0.4781499803E+00    0.3964052158E+00    0.3351273946E+00    0.2879108890E+00    0.2506449258E+00    0.2206195823E+00    0.1959967050E+00
        0.9221979002    0.1382639819E+02    0.8335908294E+01    0.5116693310E+01    0.3244496626E+01    0.2145645620E+01    0.1485131159E+01    0.1074794681E+01    0.8101474122E+00    0.6327389514E+00    0.5092547251E+00    0.4202279702E+00    0.3539587056E+00    0.3032138351E+00    0.2633788816E+00    0.2314301788E+00    0.2053292723E+00
        0.9771241722    0.1569428050E+02    0.9427132529E+01    0.5760456385E+01    0.3629778234E+01    0.2381570797E+01    0.1634012231E+01    0.1172088860E+01    0.8761653459E+00    0.6792861741E+00    0.5433271486E+00    0.4460655539E+00    0.3741935109E+00    0.3195206116E+00    0.2768503249E+00    0.2427967795E+00    0.2150923702E+00
        1.0353218628    0.1780958117E+02    0.1066615002E+02    0.6493898153E+01    0.4069497569E+01    0.2650630953E+01    0.1803235925E+01    0.1282046418E+01    0.9502060555E+00    0.7310184735E+00    0.5808245264E+00    0.4742186084E+00    0.3960316298E+00    0.3369657822E+00    0.2911505805E+00    0.2547829621E+00    0.2253303499E+00
        1.0969858183    0.2019706811E+02    0.1206924691E+02    0.7328124513E+01    0.4571068420E+01    0.2957654788E+01    0.1995903479E+01    0.1406648760E+01    0.1033537673E+01    0.7887534159E+00    0.6222789523E+00    0.5050362649E+00    0.4197052873E+00    0.3557049341E+00    0.3063855570E+00    0.2674610452E+00    0.2360932968E+00
        1.1623224900    0.2288168767E+02    0.1365325168E+02    0.8274980752E+01    0.5142608495E+01    0.3308038569E+01    0.2215529312E+01    0.1548165670E+01    0.1127624848E+01    0.8534406424E+00    0.6683097320E+00    0.5389267763E+00    0.4454856385E+00    0.3759205635E+00    0.3226789612E+00    0.2809155013E+00    0.2474395188E+00
        1.2315506256    0.2588798846E+02    0.1543523791E+02    0.9346934876E+01    0.5792923341E+01    0.3707766556E+01    0.2466078165E+01    0.1709188769E+01    0.1234155177E+01    0.9261800016E+00    0.7196386013E+00    0.5763673304E+00    0.4736910443E+00    0.3978268229E+00    0.3401761127E+00    0.2952464123E+00    0.2594382599E+00
        1.3049020014    0.2923947550E+02    0.1743214108E+02    0.1055690255E+02    0.6531458942E+01    0.4163425722E+01    0.2751992976E+01    0.1892661232E+01    0.1355063719E+01    0.1008243859E+01    0.7771053110E+00    0.6179150988E+00    0.5046941522E+00    0.4216750596E+00    0.3590484075E+00    0.3105709048E+00    0.2721704241E+00
        1.3826221982    0.3295793941E+02    0.1966036411E+02    0.1191805208E+02    0.7368236694E+01    0.4682210777E+01    0.3078234375E+01    0.2101923338E+01    0.1492573890E+01    0.1101107521E+01    0.8416906460E+00    0.6642256026E+00    0.5389368066E+00    0.4477653487E+00    0.3795009582E+00    0.3270311008E+00    0.2857351980E+00
        1.4649714238    0.3706272999E+02    0.2213526057E+02    0.1344350306E+02    0.8313721030E+01    0.5271888117E+01    0.3450283661E+01    0.2340728404E+01    0.1649216254E+01    0.1206466206E+01    0.9145296246E+00    0.7160629556E+00    0.5769353814E+00    0.4764496743E+00    0.4017762017E+00    0.3447950613E+00    0.3002501371E+00
        1.5522253841    0.4156996888E+02    0.2487053294E+02    0.1514591853E+02    0.9378589510E+01    0.5940687859E+01    0.3874101515E+01    0.2613233449E+01    0.1827827705E+01    0.1326236454E+01    0.9969130674E+00    0.7742955259E+00    0.6192772125E+00    0.5081267645E+00    0.4261459016E+00    0.3640491919E+00    0.3158440512E+00
        1.6446762059    0.4649231955E+02    0.2787796752E+02    0.1703731983E+02    0.1057366759E+02    0.6697331009E+01    0.4356204492E+01    0.2924087426E+01    0.2031638812E+01    0.1462631432E+01    0.1090348937E+01    0.8399519883E+00    0.6666657879E+00    0.5432806883E+00    0.4529455825E+00    0.3850278767E+00    0.3326816214E+00
        1.7426334151    0.5183833711E+02    0.3116676373E+02    0.1912852030E+02    0.1190954479E+02    0.7550798951E+01    0.4903535638E+01    0.3278361929E+01    0.2264230711E+01    0.1618133788E+01    0.1196542547E+01    0.9141990241E+00    0.7198998582E+00    0.5824603264E+00    0.4825535593E+00    0.4079932999E+00    0.3509457667E+00
        1.8464249733    0.5761270847E+02    0.3474340885E+02    0.2142890322E+02    0.1339641442E+02    0.8510280152E+01    0.5523486746E+01    0.3681608803E+01    0.2529605813E+01    0.1795562727E+01    0.1317454570E+01    0.9983940225E+00    0.7799188219E+00    0.6263164763E+00    0.5154240246E+00    0.4332638602E+00    0.3708609788E+00
        1.9563983753    0.6381627899E+02    0.3861134395E+02    0.2394594640E+02    0.1504367754E+02    0.9584906570E+01    0.6223746618E+01    0.4139782752E+01    0.2832152291E+01    0.1998055527E+01    0.1455291870E+01    0.1094075977E+01    0.8477927757E+00    0.6755941683E+00    0.5520758644E+00    0.4612025999E+00    0.3926827310E+00
        2.0729218127    0.7044687279E+02    0.4277109129E+02    0.2668503486E+02    0.1685970806E+02    0.1078359422E+02    0.7012234803E+01    0.4659237674E+01    0.3176669041E+01    0.2229109858E+01    0.1612550419E+01    0.1203005629E+01    0.9247564601E+00    0.7311586733E+00    0.5931165854E+00    0.4922374359E+00    0.4167135861E+00
        2.1963854070    0.7750024299E+02    0.4722047838E+02    0.2964926584E+02    0.1885153982E+02    0.1211479658E+02    0.7896946241E+01    0.5246654095E+01    0.3568345117E+01    0.2492585033E+01    0.1792025654E+01    0.1327177861E+01    0.1012223455E+01    0.7940076234E+00    0.6392502983E+00    0.5268665818E+00    0.4433071743E+00
        2.3272025151    0.8497141330E+02    0.5195517201E+02    0.3283939288E+02    0.2102462091E+02    0.1358624996E+02    0.8885790324E+01    0.5908950288E+01    0.4012728531E+01    0.2792700831E+01    0.1996827101E+01    0.1468840508E+01    0.1111801160E+01    0.8652847139E+00    0.6912899208E+00    0.5656679429E+00    0.4728755629E+00
        2.4658111135    0.9285621175E+02    0.5696940869E+02    0.3625397650E+02    0.2338262506E+02    0.1520474001E+02    0.9986400557E+01    0.6653179008E+01    0.4515679322E+01    0.3134030595E+01    0.2230389154E+01    0.1630513190E+01    0.1225311726E+01    0.9462976926E+00    0.7501707931E+00    0.6093103742E+00    0.5058972369E+00
        2.6126752648    0.1011528367E+03    0.6225695606E+02    0.3988968367E+02    0.2592738232E+02    0.1697589189E+02    0.1120594671E+02    0.7486403638E+01    0.5083308996E+01    0.3521482889E+01    0.2496476967E+01    0.1815001869E+01    0.1354810537E+01    0.1038537238E+01    0.8169677433E+00    0.6585675245E+00    0.5429297608E+00
        2.7682866714    0.1098632029E+03    0.6781211078E+02    0.4374174032E+02    0.2865886063E+02    0.1890396224E+02    0.1255091669E+02    0.8415532170E+01    0.5721886447E+01    0.3960255080E+01    0.2799171031E+01    0.2025401918E+01    0.1502595262E+01    0.1143686605E+01    0.8929049059E+00    0.7143259646E+00    0.5846145229E+00
        2.9331663211    0.1189939407E+03    0.7363078688E+02    0.4780456606E+02    0.3157534531E+02    0.2099175346E+02    0.1402694227E+02    0.9447176029E+01    0.6437744701E+01    0.4455794024E+01    0.3142860619E+01    0.2265110369E+01    0.1671227552E+01    0.1263645380E+01    0.9793771428E+00    0.7776046512E+00    0.6316941286E+00
        3.1078662323    0.1285566854E+03    0.7971126348E+02    0.5207245971E+02    0.3467368798E+02    0.2324054309E+02    0.1563862021E+02    0.1058746465E+02    0.7237149010E+01    0.5013714988E+01    0.3532206721E+01    0.2537812739E+01    0.1863532609E+01    0.1400536740E+01    0.1077959776E+01    0.8495632114E+00    0.6850185276E+00
        3.2929713015    0.1385677824E+03    0.8605483968E+02    0.5654031253E+02    0.3794969737E+02    0.2565015172E+02    0.1738939442E+02    0.1184189299E+02    0.8126171055E+01    0.5639724709E+01    0.3972103536E+01    0.2847474968E+01    0.2082608178E+01    0.1556722488E+01    0.1190425775E+01    0.9315200465E+00    0.7455623839E+00
        3.4891012617    0.1490471575E+03    0.9266593609E+02    0.6120424474E+02    0.4139859629E+02    0.2821907340E+02    0.1928147467E+02    0.1321516416E+02    0.9110545281E+01    0.6339517899E+01    0.4467619312E+01    0.3198315509E+01    0.2331817550E+01    0.1734808786E+01    0.1318756775E+01    0.1024963384E+01    0.8144345692E+00
        3.6969127575    0.1600169329E+03    0.9955176078E+02    0.6606207668E+02    0.4501551668E+02    0.3094471042E+02    0.2131584021E+02    0.1471107387E+02    0.1019552715E+02    0.7118665240E+01    0.5023925527E+01    0.3594771608E+01    0.2614779265E+01    0.1937649399E+01    0.1465153423E+01    0.1131564389E+01    0.8928929480E+00
        3.9171015432    0.1714997530E+03    0.1067216807E+03    0.7111354447E+02    0.4879597400E+02    0.3382367041E+02    0.2349229902E+02    0.1633242205E+02    0.1138576101E+02    0.7982494748E+01    0.5646210825E+01    0.4041446766E+01    0.2935343825E+01    0.2168341669E+01    0.1632041297E+01    0.1253189024E+01    0.9823547963E+00
        4.1504048123    0.1835173910E+03    0.1141861391E+03    0.7636030991E+02    0.5273624954E+02    0.3685209943E+02    0.2580961340E+02    0.1808098073E+02    0.1268517095E+02    0.8935969580E+01    0.6339588061E+01    0.4543051851E+01    0.3297563280E+01    0.2430214285E+01    0.1822071876E+01    0.1391905444E+01    0.1084409522E+01
        4.3976036660    0.1960900069E+03    0.1219557034E+03    0.8180561296E+02    0.5683366891E+02    0.4002603239E+02    0.2826571438E+02    0.1995751676E+02    0.1409687451E+02    0.9983574428E+01    0.7108990379E+01    0.5104332510E+01    0.3705646701E+01    0.2726809032E+01    0.2038120511E+01    0.1549988215E+01    0.1200826571E+01
        4.6595257276    0.2092359556E+03    0.1300400579E+03    0.8745386783E+02    0.6108668143E+02    0.4334168059E+02    0.3085790395E+02    0.2196186233E+02    0.1562313579E+02    0.1112921608E+02    0.7959069479E+01    0.5729986553E+01    0.4163909214E+01    0.3061852612E+01    0.2283272774E+01    0.1729922028E+01    0.1333564838E+01
        4.9370479141    0.2229720301E+03    0.1384473948E+03    0.9331000548E+02    0.6549488385E+02    0.4679569318E+02    0.3358312008E+02    0.2409304052E+02    0.1726536497E+02    0.1237614229E+02    0.8894093050E+01    0.6424577769E+01    0.4676706338E+01    0.3439216918E+01    0.2560810428E+01    0.1934393927E+01    0.1484773957E+01
        5.2310993717    0.2373142650E+03    0.1471842563E+03    0.9937888995E+02    0.7005873513E+02    0.5038525147E+02    0.3643816292E+02    0.2634942655E+02    0.1902415213E+02    0.1372689270E+02    0.9917860047E+01    0.7192444540E+01    0.5248364868E+01    0.3862872782E+01    0.2874180717E+01    0.2166284844E+01    0.1656795984E+01
        5.5426645868    0.2522782831E+03    0.1562555131E+03    0.1056648153E+03    0.7477943374E+02    0.5410812471E+02    0.3941986415E+02    0.2872891619E+02    0.2089935005E+02    0.1518327940E+02    0.1103362635E+02    0.8037613631E+01    0.5883105516E+01    0.4336833543E+01    0.3226964384E+01    0.2428651495E+01    0.1852159055E+01
        5.8727866819    0.2678793763E+03    0.1656649288E+03    0.1121710408E+03    0.7965851789E+02    0.5796266483E+02    0.4252524511E+02    0.3122910513E+02    0.2289018551E+02    0.1674641222E+02    0.1224405080E+02    0.8963723370E+01    0.6584965008E+01    0.4865093116E+01    0.3622832354E+01    0.2724701588E+01    0.2073567059E+01
        6.2225709080    0.2841320817E+03    0.1754157562E+03    0.1188995923E+03    0.8469758605E+02    0.6194759830E+02    0.4575153437E+02    0.3384742972E+02    0.2499538045E+02    0.1841674194E+02    0.1355118252E+02    0.9973956117E+01    0.7357722102E+01    0.5451558141E+01    0.4065495409E+01    0.3057761718E+01    0.2323883382E+01
        6.5931883453    0.3010496901E+03    0.1855110047E+03    0.1258512810E+03    0.8989810624E+02    0.6606202903E+02    0.4909620224E+02    0.3658128873E+02    0.2721328096E+02    0.2019413546E+02    0.1495645886E+02    0.1107099618E+02    0.8204825565E+01    0.6099982062E+01    0.4558648980E+01    0.3431239417E+01    0.2606105848E+01
        6.9858798235    0.3186419911E+03    0.1959538931E+03    0.1330257682E+03    0.9526096987E+02    0.7030519346E+02    0.5255689702E+02    0.3942807080E+02    0.2954198367E+02    0.2207797625E+02    0.1646074167E+02    0.1225700370E+02    0.9129343246E+01    0.6813895982E+01    0.5105914433E+01    0.3848576035E+01    0.2923338370E+01
        7.4019600764    0.3369147920E+03    0.2067475120E+03    0.1404219853E+03    0.1007864682E+03    0.7467639244E+02    0.5613139648E+02    0.4238520097E+02    0.3197939947E+02    0.2406725495E+02    0.1806436510E+02    0.1353361388E+02    0.1013391460E+02    0.7596551886E+01    0.5710778459E+01    0.4313199694E+01    0.3278753728E+01
        7.8428221437    0.3558673736E+03    0.2178949115E+03    0.1480383151E+03    0.1064740630E+03    0.7917487461E+02    0.5981751267E+02    0.4545011216E+02    0.3452333548E+02    0.2616066074E+02    0.1976721238E+02    0.1490195512E+02    0.1122073130E+02    0.8450873960E+01    0.6376536078E+01    0.4828469225E+01    0.3675553438E+01
        8.3099420346    0.3754940106E+03    0.2293973767E+03    0.1558733078E+03    0.1123221644E+03    0.8379972502E+02    0.6361306394E+02    0.4862017570E+02    0.3717150015E+02    0.2835664468E+02    0.2156877980E+02    0.1636269337E+02    0.1239153262E+02    0.9379417467E+01    0.7106241341E+01    0.5397627808E+01    0.4116922347E+01
        8.8048836699    0.3957881417E+03    0.2412555919E+03    0.1639254631E+03    0.1183284443E+03    0.8854979175E+02    0.6751586098E+02    0.5189270495E+02    0.3992147745E+02    0.3065348973E+02    0.2346825717E+02    0.1791607483E+02    0.1364761445E+02    0.1038435481E+02    0.7902660791E+01    0.6023745263E+01    0.4605983928E+01
        9.3293041176    0.4167417318E+03    0.2534657309E+03    0.1721938415E+03    0.1244897494E+03    0.9342349836E+02    0.7152364471E+02    0.5526487467E+02    0.4277073077E+02    0.3304929190E+02    0.2546456648E+02    0.1956198833E+02    0.1498986401E+02    0.1146745973E+02    0.8768244677E+01    0.6709680579E+01    0.5145750786E+01
        9.8849591410    0.4383614140E+03    0.2660219724E+03    0.1806774983E+03    0.1308023035E+03    0.9841881008E+02    0.7563409152E+02    0.5873371810E+02    0.4571653341E+02    0.3554198425E+02    0.2755641242E+02    0.2130000967E+02    0.1641878708E+02    0.1263012580E+02    0.9705105875E+01    0.7458041600E+01    0.5739085500E+01
       10.4737090771    0.4606388895E+03    0.2789159346E+03    0.1893745401E+03    0.1372626875E+03    0.1035331218E+03    0.7984481414E+02    0.6229613486E+02    0.4875597439E+02    0.3812931597E+02    0.2974229782E+02    0.2312945008E+02    0.1793455970E+02    0.1387337860E+02    0.1071501647E+02    0.8271157153E+01    0.6388658367E+01
       11.0975250648    0.4835922475E+03    0.2921340776E+03    0.1982845833E+03    0.1438669693E+03    0.1087631625E+03    0.8415334204E+02    0.6594886995E+02    0.5188588841E+02    0.4080881006E+02    0.3202052051E+02    0.2504938319E+02    0.1953705969E+02    0.1519790592E+02    0.1179940684E+02    0.9151064552E+01    0.7096919586E+01
       11.7584956444    0.5071926324E+03    0.3056756290E+03    0.2074007129E+03    0.1506125906E+03    0.1141053209E+03    0.8855701163E+02    0.6968860401E+02    0.5510287112E+02    0.4357775108E+02    0.3438916079E+02    0.2705866707E+02    0.2122590574E+02    0.1660409213E+02    0.1295938961E+02    0.1009949726E+02    0.7866072165E+01
       12.4588337500    0.5314503313E+03    0.3195239220E+03    0.2167223224E+03    0.1574968079E+03    0.1195549986E+03    0.9305289601E+02    0.7351192406E+02    0.5840333022E+02    0.4643312638E+02    0.3684605440E+02    0.2915592626E+02    0.2300047163E+02    0.1809203806E+02    0.1419577066E+02    0.1111789474E+02    0.8698063625E+01
       13.2008841186    0.5563113044E+03    0.3336975190E+03    0.2262341602E+03    0.1645168852E+03    0.1251083080E+03    0.9763791766E+02    0.7741535693E+02    0.6178339719E+02    0.4937165622E+02    0.3938878052E+02    0.3133956649E+02    0.2485990754E+02    0.1966160403E+02    0.1550907994E+02    0.1220740834E+02    0.9594573714E+01
       13.9871311400    0.5818015301E+03    0.3481651662E+03    0.2359365163E+03    0.1716724946E+03    0.1307601355E+03    0.1023082228E+03    0.8139539780E+02    0.6523909455E+02    0.5238977282E+02    0.4201461618E+02    0.3360773687E+02    0.2680313377E+02    0.2131239606E+02    0.1689958557E+02    0.1336892097E+02    0.1055702208E+02
       14.8202071747    0.6078767681E+03    0.3629590957E+03    0.2458100533E+03    0.1789570225E+03    0.1365069309E+03    0.1070602130E+03    0.8544857426E+02    0.6876629874E+02    0.5548359454E+02    0.4472055488E+02    0.3595832464E+02    0.2882882963E+02    0.2304380695E+02    0.1836731842E+02    0.1460305685E+02    0.1158657269E+02
       15.7029013672    0.6345583604E+03    0.3780099740E+03    0.2558622596E+03    0.1863734686E+03    0.1423448594E+03    0.1118887669E+03    0.8957108674E+02    0.7236080737E+02    0.5864901011E+02    0.4750324463E+02    0.3838891825E+02    0.3093543412E+02    0.2485499817E+02    0.1991208135E+02    0.1591020361E+02    0.1268414655E+02
       16.6381689839    0.6618260571E+03    0.3933749358E+03    0.2660766031E+03    0.1939058003E+03    0.1482700047E+03    0.1167899167E+03    0.9375955040E+02    0.7601849715E+02    0.6188169409E+02    0.5035902896E+02    0.4089681632E+02    0.3312112734E+02    0.2674488963E+02    0.2153344699E+02    0.1729052248E+02    0.1385042992E+02
       17.6291413072    0.6895781285E+03    0.4089465810E+03    0.2764619817E+03    0.2015623046E+03    0.1542819196E+03    0.1217581699E+03    0.9800954016E+02    0.7973499885E+02    0.6517710287E+02    0.5328394062E+02    0.4347896124E+02    0.3538377329E+02    0.2871216696E+02    0.2323077470E+02    0.1874395437E+02    0.1508589296E+02
       18.6791361195    0.7180094038E+03    0.4248240308E+03    0.2870098858E+03    0.2093116438E+03    0.1603730457E+03    0.1267891030E+03    0.1023175857E+03    0.8350649398E+02    0.6853066030E+02    0.5627374241E+02    0.4613200908E+02    0.3772098409E+02    0.3075525391E+02    0.2500318328E+02    0.2027022622E+02    0.1639078862E+02
       19.7916688108    0.7467006718E+03    0.4409156455E+03    0.2976951282E+03    0.2171775591E+03    0.1665492114E+03    0.1318791413E+03    0.1066786605E+03    0.8732851075E+02    0.7193756486E+02    0.5932392598E+02    0.4885228686E+02    0.4013001855E+02    0.3287228452E+02    0.2684956306E+02    0.2186884447E+02    0.1776516307E+02
       20.9704641484    0.7763041125E+03    0.4572377752E+03    0.3085588194E+03    0.2251132165E+03    0.1727925507E+03    0.1370225110E+03    0.1110887123E+03    0.9119754962E+02    0.7539336909E+02    0.6242986234E+02    0.5163581595E+02    0.4260784591E+02    0.3506114167E+02    0.2876855023E+02    0.2353909339E+02    0.1920885036E+02
       22.2194687473    0.8057694910E+03    0.4738677721E+03    0.3194739839E+03    0.2331690761E+03    0.1791207639E+03    0.1422209540E+03    0.1155432466E+03    0.9510912849E+02    0.7889314956E+02    0.6558657849E+02    0.5447830082E+02    0.4515111277E+02    0.3731937323E+02    0.3075851102E+02    0.2528002916E+02    0.2072148111E+02
       23.5428642837    0.8364855462E+03    0.4904770135E+03    0.3306481210E+03    0.2412890000E+03    0.1854944117E+03    0.1474634820E+03    0.1200364413E+03    0.9905953410E+02    0.8243280225E+02    0.6878933977E+02    0.5737527691E+02    0.4775616245E+02    0.3964426019E+02    0.3281754332E+02    0.2709045594E+02    0.2230246443E+02
       24.9450814952    0.8667039745E+03    0.5076786771E+03    0.3417408988E+03    0.2495176855E+03    0.1919555119E+03    0.1527626461E+03    0.1245672712E+03    0.1030448841E+03    0.8600768358E+02    0.7203297355E+02    0.6032190900E+02    0.5041901557E+02    0.4203274729E+02    0.3494347246E+02    0.2896893609E+02    0.2395098332E+02
       26.4308150148    0.8983059189E+03    0.5244555656E+03    0.3532243826E+03    0.2578330187E+03    0.1984340285E+03    0.1580926170E+03    0.1291257566E+03    0.1070598436E+03    0.8961366277E+02    0.7531275177E+02    0.6331343096E+02    0.5313547743E+02    0.4448150755E+02    0.3713381786E+02    0.3091376440E+02    0.2566599618E+02
       28.0050390889    0.9293620311E+03    0.5422703128E+03    0.3644601591E+03    0.2661718829E+03    0.2050051264E+03    0.1634871474E+03    0.1337196588E+03    0.1111029205E+03    0.9324713199E+02    0.7862374476E+02    0.6634465946E+02    0.5590097255E+02    0.4698686410E+02    0.3938580779E+02    0.3292296696E+02    0.2744619934E+02
       29.6730242306    0.9615604515E+03    0.5590991398E+03    0.3761861906E+03    0.2746872765E+03    0.2115827185E+03    0.1688906184E+03    0.1383282066E+03    0.1151643397E+03    0.9690273174E+02    0.8196110231E+02    0.6941054052E+02    0.5871086237E+02    0.4954492684E+02    0.4169639085E+02    0.3499428452E+02    0.2929005637E+02
       31.4403548660    0.9936057953E+03    0.5774493038E+03    0.3875925443E+03    0.2830472694E+03    0.2182372562E+03    0.1743674053E+03    0.1429776712E+03    0.1192494038E+03    0.1005793649E+03    0.8532104165E+02    0.7250608312E+02    0.6156017666E+02    0.5215145289E+02    0.4406219088E+02    0.3712517696E+02    0.3119575399E+02
       33.3129480304    0.1025997530E+04    0.5943906778E+03    0.3994423214E+03    0.2918018491E+03    0.2249378349E+03    0.1798279118E+03    0.1476247689E+03    0.1233388389E+03    0.1042677894E+03    0.8869747500E+02    0.7562565988E+02    0.6444374961E+02    0.5480198861E+02    0.4647957672E+02    0.3931283010E+02    0.3316122285E+02
       35.2970731790    0.1059316448E+04    0.6130777005E+03    0.4111072967E+03    0.3001386664E+03    0.2316239340E+03    0.1853563304E+03    0.1523239240E+03    0.1274528751E+03    0.1079728551E+03    0.9208943965E+02    0.7876544340E+02    0.6735671626E+02    0.5749189451E+02    0.4894463008E+02    0.4155411852E+02    0.3518410494E+02
       37.3993731765    0.1091398029E+04    0.6302411424E+03    0.4228887565E+03    0.3091450317E+03    0.2384802148E+03    0.1908730950E+03    0.1570029230E+03    0.1315547709E+03    0.1116766333E+03    0.9548759650E+02    0.8191848909E+02    0.7029310820E+02    0.6021607120E+02    0.5145309980E+02    0.4384564296E+02    0.3726177957E+02
       39.6268865383    0.1126313587E+04    0.6490205082E+03    0.4349623278E+03    0.3174141614E+03    0.2451159622E+03    0.1964132059E+03    0.1617369761E+03    0.1356881361E+03    0.1153959683E+03    0.9889670694E+02    0.8508375529E+02    0.7324912958E+02    0.6297002983E+02    0.5400078341E+02    0.4618383808E+02    0.3939138842E+02
       41.9870709948    0.1157648968E+04    0.6665926962E+03    0.4464673672E+03    0.3265986018E+03    0.2521632175E+03    0.2020226522E+03    0.1664493238E+03    0.1397955387E+03    0.1190985869E+03    0.1023002404E+03    0.8825137525E+02    0.7621733912E+02    0.6574767640E+02    0.5658270326E+02    0.4856468176E+02    0.4156975856E+02
       44.4878284599    0.1194350778E+04    0.6851206722E+03    0.4590577827E+03    0.3348612307E+03    0.2586851767E+03    0.2075280379E+03    0.1711834798E+03    0.1439374037E+03    0.1228185389E+03    0.1057130413E+03    0.9142575674E+02    0.7919660153E+02    0.6854556822E+02    0.5919483738E+02    0.5098435514E+02    0.4379360388E+02
       47.1375314874    0.1224722112E+04    0.7033846287E+03    0.4701605149E+03    0.3441196057E+03    0.2659487634E+03    0.2132804487E+03    0.1759453352E+03    0.1480571555E+03    0.1265100545E+03    0.1091075475E+03    0.9459133106E+02    0.8217664872E+02    0.7135600211E+02    0.6183112573E+02    0.5343806677E+02    0.4605909648E+02
       49.9450513016    0.1263108797E+04    0.7212863460E+03    0.4833120036E+03    0.3524721492E+03    0.2723352762E+03    0.2186847016E+03    0.1806295470E+03    0.1521861988E+03    0.1302153386E+03    0.1125097511E+03    0.9776045917E+02    0.8516092930E+02    0.7417774730E+02    0.6448843355E+02    0.5592218412E+02    0.4836282027E+02
       52.9197874985    0.1292612367E+04    0.7405305935E+03    0.4939425670E+03    0.3615974415E+03    0.2797784487E+03    0.2246032884E+03    0.1854778833E+03    0.1563383601E+03    0.1338987084E+03    0.1158852669E+03    0.1009104840E+03    0.8813482945E+02    0.7700050029E+02    0.6715908926E+02    0.5843077743E+02    0.5070010390E+02
       56.0716995159    0.1332197992E+04    0.7575127293E+03    0.5076413038E+03    0.3702259552E+03    0.2860640695E+03    0.2298510737E+03    0.1900639396E+03    0.1604155798E+03    0.1375682510E+03    0.1192583570E+03    0.1040594643E+03    0.9110738166E+02    0.7982655716E+02    0.6984169575E+02    0.6096096281E+02    0.5306763359E+02
       59.4113399773    0.1361235405E+04    0.7779191370E+03    0.5178031464E+03    0.3790183799E+03    0.2935801729E+03    0.2359436941E+03    0.1950420742E+03    0.1646257413E+03    0.1412614479E+03    0.1226139519E+03    0.1071852730E+03    0.9406089541E+02    0.8264271239E+02    0.7252645313E+02    0.6350530937E+02    0.5545971310E+02
       62.9498900224    0.1401253497E+04    0.7938391476E+03    0.5319138092E+03    0.3880475551E+03    0.2998654489E+03    0.2410515361E+03    0.1994938417E+03    0.1686012494E+03    0.1448666962E+03    0.1259340194E+03    0.1102953628E+03    0.9700498032E+02    0.8545402474E+02    0.7521421155E+02    0.6606219000E+02    0.5787353172E+02
       66.6991967417    0.1430471502E+04    0.8153818361E+03    0.5417307033E+03    0.3963749491E+03    0.3072973003E+03    0.2472739764E+03    0.2046141361E+03    0.1728941050E+03    0.1485967966E+03    0.1292813079E+03    0.1133954706E+03    0.9992968371E+02    0.8824816257E+02    0.7789401017E+02    0.6862275580E+02    0.6030224004E+02
       70.6718128405    0.1470031883E+04    0.8302939375E+03    0.5559753033E+03    0.4059071803E+03    0.3137311241E+03    0.2522864290E+03    0.2089171396E+03    0.1767347848E+03    0.1521045900E+03    0.1325215367E+03    0.1164424640E+03    0.1028262977E+03    0.9102549404E+02    0.8056638705E+02    0.7118606509E+02    0.6274360467E+02
       74.8810386653    0.1500132734E+04    0.8526776966E+03    0.5656893983E+03    0.4136615208E+03    0.3208806589E+03    0.2585124982E+03    0.2141450497E+03    0.1811293487E+03    0.1558930809E+03    0.1358810932E+03    0.1195233061E+03    0.1057206930E+03    0.9378801118E+02    0.8322515408E+02    0.7374421313E+02    0.6519037464E+02
       79.3409667337    0.1538448923E+04    0.8668386491E+03    0.5797121419E+03    0.4237632156E+03    0.3276252863E+03    0.2635506832E+03    0.2183396076E+03    0.1848409386E+03    0.1592760203E+03    0.1390182345E+03    0.1224812550E+03    0.1085476406E+03    0.9651109289E+02    0.8586100891E+02    0.7629276188E+02    0.6763924867E+02
       84.0665289164    0.1570074331E+04    0.8895486549E+03    0.5896357930E+03    0.4308942054E+03    0.3343440816E+03    0.2696406711E+03    0.2235977901E+03    0.1893199499E+03    0.1631234661E+03    0.1424077581E+03    0.1255535704E+03    0.1114149827E+03    0.9923835729E+02    0.8848730802E+02    0.7883212084E+02    0.7008603764E+02
       89.0735464286    0.1606558025E+04    0.9034128939E+03    0.6030896143E+03    0.4415219002E+03    0.3415100664E+03    0.2748339266E+03    0.2277742189E+03    0.1929366082E+03    0.1663814594E+03    0.1454302467E+03    0.1284028152E+03    0.1141493504E+03    0.1018861434E+03    0.9106482336E+02    0.8134352608E+02    0.7252090758E+02
       94.3787828003    0.1640316825E+04    0.9258434562E+03    0.6135475739E+03    0.4480816053E+03    0.3477010795E+03    0.2806111980E+03    0.2329335542E+03    0.1974211289E+03    0.1702635518E+03    0.1488475909E+03    0.1314736735E+03    0.1169922795E+03    0.1045777013E+03    0.9365149243E+02    0.8385071876E+02    0.7495107419E+02
      100.0000000000    0.1674497379E+04    0.9398881462E+03    0.6261473063E+03    0.4590397136E+03    0.3553727062E+03    0.2861203530E+03    0.2372115852E+03    0.2010090693E+03    0.1734402682E+03    0.1517644112E+03    0.1342114683E+03    0.1196182634E+03    0.1071317374E+03    0.9615028530E+02    0.8630248669E+02    0.7734925673E+02
