               #####        0.0000000000        0.2666666806        0.5333333611        0.8000000119        1.0666667223        1.3333333731        1.6000000238        1.8666666746        2.1333334446        2.4000000954        2.6666667461        2.9333333969        3.2000000477        3.4666666985        3.7333333492        4.0000000000
        0.0009999999        0.0000002152        0.0000001597        0.0000001197        0.0000000916        0.0000000716        0.0000000573        0.0000000467        0.0000000387        0.0000000326        0.0000000278        0.0000000240        0.0000000209        0.0000000184        0.0000000163        0.0000000145        0.0000000130
        0.0010843660        0.0000002942        0.0000002187        0.0000001641        0.0000001256        0.0000000983        0.0000000787        0.0000000642        0.0000000532        0.0000000448        0.0000000382        0.0000000330        0.0000000287        0.0000000252        0.0000000223        0.0000000199        0.0000000179
        0.0011758497        0.0000004022        0.0000002993        0.0000002249        0.0000001723        0.0000001350        0.0000001080        0.0000000881        0.0000000731        0.0000000616        0.0000000525        0.0000000453        0.0000000395        0.0000000347        0.0000000307        0.0000000274        0.0000000246
        0.0012750509        0.0000005498        0.0000004097        0.0000003082        0.0000002363        0.0000001852        0.0000001482        0.0000001209        0.0000001004        0.0000000845        0.0000000721        0.0000000622        0.0000000542        0.0000000476        0.0000000422        0.0000000376        0.0000000337
        0.0013826219        0.0000007515        0.0000005607        0.0000004221        0.0000003239        0.0000002539        0.0000002033        0.0000001660        0.0000001378        0.0000001161        0.0000000990        0.0000000854        0.0000000744        0.0000000654        0.0000000579        0.0000000516        0.0000000463
        0.0014992683        0.0000010271        0.0000007672        0.0000005781        0.0000004438        0.0000003481        0.0000002789        0.0000002277        0.0000001890        0.0000001592        0.0000001359        0.0000001172        0.0000001021        0.0000000898        0.0000000795        0.0000000709        0.0000000636
        0.0016257558        0.0000014033        0.0000010493        0.0000007913        0.0000006078        0.0000004770        0.0000003822        0.0000003121        0.0000002591        0.0000002183        0.0000001863        0.0000001608        0.0000001401        0.0000001231        0.0000001090        0.0000000972        0.0000000872
        0.0017629144        0.0000019167        0.0000014345        0.0000010826        0.0000008321        0.0000006532        0.0000005236        0.0000004276        0.0000003551        0.0000002992        0.0000002553        0.0000002203        0.0000001920        0.0000001687        0.0000001494        0.0000001332        0.0000001195
        0.0019116437        0.0000026168        0.0000019602        0.0000014804        0.0000011384        0.0000008940        0.0000007167        0.0000005855        0.0000004863        0.0000004098        0.0000003497        0.0000003018        0.0000002630        0.0000002311        0.0000002047        0.0000001825        0.0000001637
        0.0020729215        0.0000035707        0.0000026769        0.0000020229        0.0000015563        0.0000012227        0.0000009804        0.0000008010        0.0000006653        0.0000005607        0.0000004786        0.0000004130        0.0000003599        0.0000003163        0.0000002801        0.0000002498        0.0000002241
        0.0022478057        0.0000048692        0.0000036531        0.0000027623        0.0000021261        0.0000016708        0.0000013400        0.0000010950        0.0000009096        0.0000007666        0.0000006543        0.0000005647        0.0000004921        0.0000004325        0.0000003831        0.0000003416        0.0000003064
        0.0024374432        0.0000066349        0.0000049814        0.0000037687        0.0000029018        0.0000022811        0.0000018299        0.0000014955        0.0000012424        0.0000010472        0.0000008939        0.0000007714        0.0000006723        0.0000005909        0.0000005233        0.0000004667        0.0000004187
        0.0026430807        0.0000090334        0.0000067865        0.0000051369        0.0000039568        0.0000031112        0.0000024963        0.0000020403        0.0000016952        0.0000014290        0.0000012198        0.0000010527        0.0000009174        0.0000008064        0.0000007142        0.0000006369        0.0000005714
        0.0028660672        0.0000122870        0.0000092363        0.0000069946        0.0000053895        0.0000042387        0.0000034015        0.0000027805        0.0000023105        0.0000019477        0.0000016626        0.0000014350        0.0000012506        0.0000010992        0.0000009736        0.0000008681        0.0000007789
        0.0031078660        0.0000166945        0.0000125564        0.0000095129        0.0000073323        0.0000057679        0.0000046294        0.0000037847        0.0000031451        0.0000026513        0.0000022634        0.0000019535        0.0000017025        0.0000014965        0.0000013254        0.0000011819        0.0000010604
        0.0033700645        0.0000226558        0.0000170487        0.0000129213        0.0000099623        0.0000078384        0.0000062921        0.0000051444        0.0000042754        0.0000036044        0.0000030770        0.0000026559        0.0000023147        0.0000020346        0.0000018021        0.0000016070        0.0000014417
        0.0036543836        0.0000307048        0.0000231164        0.0000175264        0.0000135164        0.0000106368        0.0000085395        0.0000069826        0.0000058033        0.0000048928        0.0000041771        0.0000036055        0.0000031423        0.0000027621        0.0000024464        0.0000021816        0.0000019573
        0.0039626877        0.0000415527        0.0000312966        0.0000237364        0.0000183100        0.0000144116        0.0000115714        0.0000094625        0.0000078649        0.0000066311        0.0000056613        0.0000048867        0.0000042590        0.0000037438        0.0000033159        0.0000029569        0.0000026529
        0.0042970041        0.0000561435        0.0000423027        0.0000320936        0.0000247620        0.0000194930        0.0000156531        0.0000128013        0.0000106405        0.0000089717        0.0000076598        0.0000066118        0.0000057626        0.0000050655        0.0000044867        0.0000040010        0.0000035896
        0.0046595256        0.0000757262        0.0000570784        0.0000433153        0.0000334270        0.0000263179        0.0000211358        0.0000172862        0.0000143691        0.0000121159        0.0000103445        0.0000089294        0.0000077826        0.0000068413        0.0000060595        0.0000054036        0.0000048481
        0.0050526289        0.0001019475        0.0000768678        0.0000583479        0.0000450362        0.0000354627        0.0000284825        0.0000232964        0.0000193659        0.0000163297        0.0000139425        0.0000120354        0.0000104898        0.0000092211        0.0000081675        0.0000072834        0.0000065346
        0.0054788995        0.0001369704        0.0001033058        0.0000784343        0.0000605502        0.0000476846        0.0000383018        0.0000313296        0.0000260449        0.0000219621        0.0000187519        0.0000161872        0.0000141086        0.0000124023        0.0000109852        0.0000097962        0.0000087891
        0.0059411330        0.0001836237        0.0001385304        0.0001052005        0.0000812258        0.0000639740        0.0000513899        0.0000420375        0.0000349478        0.0000294702        0.0000251630        0.0000217217        0.0000189327        0.0000166430        0.0000147415        0.0000131459        0.0000117945
        0.0064423629        0.0002455905        0.0001853256        0.0001407639        0.0001086996        0.0000856209        0.0000687835        0.0000562682        0.0000467801        0.0000394489        0.0000336838        0.0000290776        0.0000253443        0.0000222793        0.0000197339        0.0000175981        0.0000157890
        0.0069858800        0.0003276434        0.0002472991        0.0001878683        0.0001450924        0.0001142970        0.0000918261        0.0000751214        0.0000624561        0.0000526693        0.0000449729        0.0000388233        0.0000338390        0.0000297469        0.0000263485        0.0000234968        0.0000210814
        0.0075752512        0.0004359319        0.0003290994        0.0002500493        0.0001931372        0.0001521566        0.0001222492        0.0001000140        0.0000831540        0.0000701252        0.0000598788        0.0000516916        0.0000450554        0.0000396072        0.0000350824        0.0000312855        0.0000280696
        0.0082143452        0.0005783331        0.0004366814        0.0003318359        0.0002563349        0.0002019591        0.0001622708        0.0001327608        0.0001103832        0.0000930896        0.0000794887        0.0000686208        0.0000598117        0.0000525793        0.0000465727        0.0000415323        0.0000372632
        0.0089073535        0.0007648668        0.0005776195        0.0004389895        0.0003391386        0.0002672147        0.0002147120        0.0001756706        0.0001460635        0.0001231817        0.0001051854        0.0000908049        0.0000791483        0.0000695780        0.0000616297        0.0000549599        0.0000493106
        0.0096588321        0.0010081852        0.0007614777        0.0005787839        0.0004471709        0.0003523552        0.0002831349        0.0002316583        0.0001926187        0.0001624460        0.0001387146        0.0001197509        0.0001043790        0.0000917583        0.0000812764        0.0000724805        0.0000650303
        0.0104737049        0.0013241115        0.0010002163        0.0007603152        0.0005874627        0.0004629224        0.0003719935        0.0003043686        0.0002530798        0.0002134386        0.0001822592        0.0001573435        0.0001371466        0.0001205642        0.0001067920        0.0000952349        0.0000854459
        0.0113573298        0.0017322422        0.0013086464        0.0009948469        0.0007687191        0.0006057774        0.0004868020        0.0003983139        0.0003311990        0.0002793242        0.0002385219        0.0002059157        0.0001794846        0.0001577836        0.0001397600        0.0001246352        0.0001118244
        0.0123155033        0.0022565313        0.0017048697        0.0012961432        0.0010015775        0.0007893038        0.0006342982        0.0005190072        0.0004315606        0.0003639693        0.0003108041        0.0002683181        0.0002338777        0.0002056005        0.0001821151        0.0001624069        0.0001457138
        0.0133545147        0.0029258246        0.0022106802        0.0016807728        0.0012988414        0.0010235916        0.0008225903        0.0006730833        0.0005596814        0.0004720267        0.0004030792        0.0003479804        0.0003033156        0.0002666434        0.0002361854        0.0002106260        0.0001889768
        0.0144811822        0.0037742262        0.0028518355        0.0021683143        0.0016756371        0.0013205596        0.0010612558        0.0008683783        0.0007220772        0.0006089912        0.0005200393        0.0004489536        0.0003913290        0.0003440160        0.0003047202        0.0002717443        0.0002438132
        0.0157029033        0.0048411489        0.0036580928        0.0027813774        0.0021494287        0.0016939667        0.0013613494        0.0011139363        0.0009262671        0.0007812041        0.0006670991        0.0005759120        0.0005019923        0.0004413000        0.0003908919        0.0003485908        0.0003127611
        0.0170276947        0.0061708819        0.0046628672        0.0035453402        0.0027398122        0.0021592476        0.0017352699        0.0014198998        0.0011806836        0.0009957764        0.0008503301        0.0007340968        0.0006398737        0.0005625110        0.0004982574        0.0004443376        0.0003986667
        0.0184642505        0.0078115105        0.0059024077        0.0044877133        0.0034680190        0.0027331186        0.0021964428        0.0017972492        0.0014944542        0.0012604041        0.0010763034        0.0009291801        0.0008099169        0.0007119951        0.0006306661        0.0005624173        0.0005046094
        0.0200219974        0.0098131485        0.0074144397        0.0056370972        0.0043561049        0.0034329370        0.0027588021        0.0022573781        0.0018770478        0.0015830704        0.0013518346        0.0011670450        0.0010172491        0.0008942587        0.0007921096        0.0007063893        0.0006337829
        0.0217111744        0.0122257089        0.0092364578        0.0070218733        0.0054259300        0.0042758891        0.0034361379        0.0028115576        0.0023378297        0.0019716695        0.0016836617        0.0014535068        0.0012669381        0.0011137567        0.0009865331        0.0008797716        0.0007893434
        0.0235428624        0.0150967864        0.0114041027        0.0086689470        0.0066981809        0.0052782204        0.0042414716        0.0034704229        0.0028856322        0.0024336439        0.0020781367        0.0017940464        0.0015637600        0.0013746864        0.0012176542        0.0010858792        0.0009742649
        0.0255290754        0.0184711106        0.0139507139        0.0106033999        0.0081920894        0.0064550019        0.0051868688        0.0042438214        0.0035286273        0.0029758769        0.0025411313        0.0021937299        0.0019121284        0.0016809265        0.0014889074        0.0013277741        0.0011912941
        0.0276828632        0.0223932881        0.0169093776        0.0128500247        0.0099266097        0.0078210598        0.0062841806        0.0051414133        0.0042748274        0.0036051131        0.0030783978        0.0026575185        0.0023163643        0.0020362737        0.0018036547        0.0016084539        0.0014431201
        0.0300183576        0.0269156154        0.0203188043        0.0154377874        0.0119238626        0.0093936799        0.0075472170        0.0061744517        0.0051335632        0.0043292055        0.0036966326        0.0031911866        0.0027814982        0.0024451478        0.0021658090        0.0019314070        0.0017328718
        0.0325508825        0.0321120173        0.0242338534        0.0184078105        0.0142152980        0.0111974636        0.0089956457        0.0073589715        0.0061181337        0.0051593510        0.0044053840        0.0038029708        0.0033147035        0.0029138522        0.0025809521        0.0023016096        0.0020650129
        0.0352970622        0.0380974673        0.0287401825        0.0218244977        0.0168502890        0.0132710999        0.0106604332        0.0087202415        0.0072495081        0.0061132102        0.0052197180        0.0045058676        0.0039273039        0.0034523371        0.0030578955        0.0027269179        0.0024465919
        0.0382749364        0.0450507626        0.0339714289        0.0257886071        0.0199062098        0.0156753007        0.0125902230        0.0102979764        0.0085606622        0.0072185630        0.0061633405        0.0053203325        0.0046371212        0.0040762657        0.0036105092        0.0032196997        0.0028887035
        0.0415040329        0.0532386005        0.0401273631        0.0304510035        0.0234990753        0.0185011756        0.0148580493        0.0121518383        0.0101011442        0.0085171647        0.0072718859        0.0062771137        0.0054709492        0.0048091873        0.0042596497        0.0037985514        0.0034080313
        0.0450055674        0.0630407035        0.0474927761        0.0360269733        0.0277945511        0.0218788944        0.0175683089        0.0143671222        0.0119418092        0.0100687295        0.0085963197        0.0074201948        0.0064671165        0.0056847883        0.0050351522        0.0044900775        0.0040284428
        0.0488025099        0.0749727860        0.0564547442        0.0428092778        0.0330180265        0.0259856023        0.0208630972        0.0170599464        0.0141791208        0.0119545637        0.0102060391        0.0088094678        0.0076778149        0.0067489441        0.0059776451        0.0053305053        0.0047824406
        0.0529197752        0.0896937847        0.0675078556        0.0511720069        0.0394574814        0.0310476571        0.0249239728        0.0203786809        0.0169363432        0.0142785525        0.0121897170        0.0105214594        0.0091697322        0.0080602681        0.0071390416        0.0063661262        0.0057115536
        0.0573844090        0.1079511940        0.0812124014        0.0615385585        0.0474386401        0.0373209119        0.0299561005        0.0244909339        0.0203526895        0.0171580222        0.0146474848        0.0126425801        0.0110181645        0.0096849399        0.0085779522        0.0076492024        0.0068626693
        0.0622257069        0.1303774565        0.0980396718        0.0742633343        0.0572331809        0.0450182967        0.0361298956        0.0295357667        0.0245435685        0.0206901692        0.0176622625        0.0152443619        0.0132854348        0.0116777280        0.0103428736        0.0092229741        0.0082745766
        0.0674754456        0.1570481658        0.1180363074        0.0893756598        0.0688603148        0.0541529879        0.0434549041        0.0355203636        0.0295145921        0.0248795189        0.0212377813        0.0183299482        0.0159742311        0.0140409609        0.0124358516        0.0110892504        0.0099488925
        0.0731680468        0.1868686825        0.1403585076        0.1062241718        0.0818111673        0.0643208995        0.0516046323        0.0421766043        0.0350422524        0.0295372177        0.0252125729        0.0217598174        0.0189628564        0.0166676082        0.0147620421        0.0131634297        0.0118096918
        0.0793409497        0.2172891498        0.1630550772        0.1233109310        0.0949200615        0.0745988637        0.0598346889        0.0488939360        0.0406180061        0.0342338867        0.0292196702        0.0252169706        0.0219748877        0.0193145853        0.0171060860        0.0152534265        0.0136846127
        0.0860346332        0.2453117073        0.1838303506        0.1388725787        0.1068142429        0.0838994235        0.0672679767        0.0549528934        0.0456425771        0.0384634659        0.0328265578        0.0283277854        0.0246845093        0.0216953792        0.0192141291        0.0171328168        0.0153704798
        0.0932930410        0.2703183889        0.2021876872        0.1525140256        0.1171784997        0.0919686779        0.0736974031        0.0601822585        0.0499725528        0.0421044081        0.0359290689        0.0310021099        0.0270129945        0.0237406846        0.0210247319        0.0187467709        0.0168180652
        0.1011637598        0.2971468568        0.2217605412        0.1669848710        0.1281304061        0.1004713550        0.0804584995        0.0656735078        0.0545147769        0.0459210686        0.0391796380        0.0338030197        0.0294510424        0.0258818120        0.0229198840        0.0204359088        0.0183329657
        0.1096985489        0.3357502520        0.2500526011        0.1879801005        0.1440650672        0.1128679812        0.0903304517        0.0736996904        0.0611587092        0.0515066348        0.0439385250        0.0379047021        0.0330220349        0.0290183537        0.0256963857        0.0229107793        0.0205526818
        0.1189533919        0.3945348263        0.2933820188        0.2202836424        0.1686681509        0.1320568472        0.1056388542        0.0861616805        0.0714838058        0.0601924881        0.0513422079        0.0442880206        0.0385807753        0.0339016542        0.0300196875        0.0267647803        0.0240095798
        0.1289889514        0.4686883688        0.3480266631        0.2610145509        0.1996845156        0.1562446356        0.1249335259        0.1018677279        0.0844960734        0.0711385384        0.0606722236        0.0523320399        0.0455856137        0.0400552750        0.0354675986        0.0316212848        0.0283656754
        0.1398712546        0.5361514688        0.3971642256        0.2972913682        0.2271082848        0.1775172055        0.1418382674        0.1155913100        0.0958442017        0.0806717500        0.0687901080        0.0593261272        0.0516730659        0.0454010218        0.0401989967        0.0358382016        0.0321475118
        0.1516716480        0.5823802948        0.4296480715        0.3205460310        0.2442655861        0.1905854642        0.1520860046        0.1238313913        0.1026115045        0.0863289535        0.0735905021        0.0634514466        0.0552569926        0.0485440083        0.0429780036        0.0383131914        0.0343659110
        0.1644675881        0.6329577565        0.4647344947        0.3453742564        0.2624096274        0.2043033242        0.1627837867        0.1323985904        0.1096268296        0.0921810716        0.0785486698        0.0677076280        0.0589515902        0.0517821237        0.0458398536        0.0408611298        0.0366491415
        0.1783430725        0.7277918458        0.5325057507        0.3946034908        0.2991550863        0.2325378805        0.1850673258        0.1503998637        0.1244599819        0.1046106890        0.0891138762        0.0767984018        0.0668564662        0.0587190352        0.0519764200        0.0463283584        0.0415509008
        0.1933890879        0.8496651053        0.6196713448        0.4579605162        0.3464672565        0.2689033449        0.2137743980        0.1735938489        0.1435740143        0.1206287444        0.1027300209        0.0885147750        0.0770447031        0.0676599070        0.0598858632        0.0533751547        0.0478689075
        0.2097046673        0.9397982955        0.6813595295        0.5010551810        0.3776144683        0.2922455966        0.2318555117        0.1880015880        0.1553287357        0.1304082274        0.1109995246        0.0956033841        0.0831916332        0.0730432346        0.0646409690        0.0576068908        0.0516598038
        0.2273965180        1.0318670273        0.7427461743        0.5428633094        0.4071647823        0.3139907718        0.2484621406        0.2010934055        0.1659253240        0.1391729265        0.1183793247        0.1019095927        0.0886475220        0.0778132677        0.0688490644        0.0613483191        0.0550091192
        0.2465810627        1.1901333332        0.8521139026        0.6199232340        0.4632533491        0.3562540710        0.2813336253        0.2273653746        0.1874063015        0.1570725590        0.1335324943        0.1149097085        0.0999274775        0.0876963735        0.0775817186        0.0691217184        0.0619740076
        0.2673841417        1.3443384171        0.9556117058        0.6908270121        0.5136133432        0.3934549391        0.3098267615        0.2498767227        0.2056562454        0.1721850932        0.1462679356        0.1257991642        0.1093529239        0.0959396958        0.0848557279        0.0755902454        0.0677654073
        0.2899422944        1.4986062050        1.0556687117        0.7569944859        0.5590924025        0.4261185527        0.3342818320        0.2688588202        0.2208397388        0.1846328080        0.1566799134        0.1346530616        0.1169853434        0.1025947630        0.0907150432        0.0807919875        0.0724167600
        0.3144034445        1.7216669321        1.2035545111        0.8569819927        0.6292321086        0.4773794413        0.3732059300        0.2994058132        0.2454789132        0.2049592435        0.1737613082        0.1492284089        0.1295818835        0.1135990545        0.1004171968        0.0894143581        0.0801329091
        0.3409285843        1.9428582191        1.3446296453        0.9484629631        0.6908618212        0.5208305717        0.4052250981        0.3239402175        0.2649057508        0.2207624912        0.1869026721        0.1603542119        0.1391412467        0.1219138280        0.1077243239        0.0958924741        0.0859195441
        0.3696912229        2.2264902592        1.5264039040        1.0668485165        0.7709144354        0.5774443746        0.4470463991        0.3560465574        0.2903652191        0.2414957434        0.2041576803        0.1749714911        0.1517061591        0.1328464895        0.1173344478        0.1044138893        0.0935324356
        0.4008804262        2.5455451012        1.7268705368        1.1943631172        0.8550202250        0.6355246902        0.4890544415        0.3877310455        0.3151354492        0.2614448965        0.2206192762        0.1888268441        0.1635582596        0.1431212276        0.1263414025        0.1123838723        0.1006415486
        0.4347013533        2.9345569611        1.9704291821        1.3484069109        0.9559094906        0.7046778798        0.5387191772        0.4249583185        0.3440885544        0.2846660316        0.2397185415        0.2048620582        0.1772488058        0.1549725533        0.1367190033        0.1215590909        0.1088205352
        0.4713751674        3.3877363205        2.2506060600        1.5226014853        1.0677355528        0.7797448635        0.5915682316        0.4638763070        0.3739063144        0.3082908690        0.2589633763        0.2208988219        0.1908621490        0.1667054445        0.1469586790        0.1305894554        0.1168549061
        0.5111432672        3.9354653358        2.5880637169        1.7309942245        1.2002763748        0.8677720428        0.6528703570        0.5085611343        0.4078370333        0.3349733651        0.2805671096        0.2388148457        0.2060139030        0.1797265708        0.1582975239        0.1405722946        0.1257252246
        0.5542663932        4.5882387161        2.9881157875        1.9756481647        1.3538107872        0.9681608677        0.7216495872        0.5579169989        0.4447903931        0.3636845052        0.3035834134        0.2577507198        0.2219278663        0.1933361292        0.1701042205        0.1509369612        0.1349144131
        0.6010276675        5.3697595596        3.4658906460        2.2658243179        1.5339474678        1.0843458176        0.8000611067        0.6133406162        0.4857046604        0.3950789869        0.3284865618        0.2780624032        0.2388803214        0.2077549100        0.1825598776        0.1618354321        0.1445523202
        0.6517337561        6.3069844246        4.0389070511        2.6123456955        1.7472436428        1.2203116417        0.8905686140        0.6763944626        0.5316014886        0.4298471808        0.3557593822        0.3000995219        0.2571328878        0.2231850028        0.1958251595        0.1733986884        0.1547483206
        0.7067179680        7.4289612770        4.7263841629        3.0271270275        2.0008344650        1.3802778721        0.9956673980        0.7485632300        0.5833708644        0.4685259163        0.3857263327        0.3240573406        0.2768013477        0.2396928817        0.2099356651        0.1856430769        0.1655065864
        0.7663409710        8.7687911987        5.5510225296        3.5246479511        2.3035912514        1.5695965290        1.1185848713        0.8318083286        0.6422189474        0.5118666291        0.4188618064        0.3502388000        0.2980813086        0.2574058175        0.2249747515        0.1986233145        0.1768630147
        0.8309937716       10.3631038666        6.5389881134        4.1221199036        2.6663017273        1.7948877811        1.2633692026        0.9286206961        0.7096959949        0.5608477592        0.4557926059        0.3790518641        0.3212422132        0.2765044272        0.2410652637        0.2124240845        0.1888768375
        0.9011018872       12.2512149811        7.7197475433        4.8396191597        3.1018617153        2.0642032623        1.4350033998        1.0420928001        0.7877389193        0.6166977286        0.4973087609        0.4110117555        0.3466250598        0.2972178161        0.2583631873        0.2271531671        0.2016235739
        0.9771238565       14.4737873077        9.1256189346        5.7001166344        3.6254611015        2.3872160912        1.6395566463        1.1760269403        0.8787442446        0.6809421778        0.5443932414        0.4467602074        0.3746543229        0.3198301792        0.2770614028        0.2429429889        0.2151951194
        1.0595599413       17.0712509155       10.7911081314        6.7294006348        4.2547416687        2.7754206657        1.8843508959        1.3350555897        0.9856489897        0.7554562092        0.5982543230        0.4870838523        0.4058472216        0.3446851075        0.2973900139        0.2599488497        0.2296970338
        1.1489509344       20.0820388794       12.7520580292        7.9559621811        5.0100264549        3.2424492836        2.1782548428        1.5248799324        1.1121149063        0.8426038027        0.6604316831        0.5329957604        0.4408781528        0.3722366691        0.3196583986        0.2783840299        0.2452780008
        1.2458827496       23.5401420593       15.0440225601        9.4102973938        5.9141688347        3.8041448593        2.5318095684        1.7523846626        1.2626123428        0.9452934265        0.7328289747        0.5857527852        0.4805848897        0.4030489326        0.3442502618        0.2985121310        0.2621208727
        1.3509930372       27.4730644226       17.7005538940       11.1240568161        6.9923496246        4.4786610603        2.9574241638        2.0258264542        1.4425760508        1.0670955181        0.8178001642        0.6469168067        0.5260121226        0.4378270209        0.3716458082        0.3206631541        0.2804543972
        1.4649710655       31.8999462128       20.7510890961       13.1287574768        8.2715616226        5.2864007950        3.4694929123        2.3550004959        1.6585557461        1.2123627663        0.9182388186        0.7184197307        0.5784578323        0.4774494171        0.4024443030        0.3452491164        0.3005641103
        1.5885648727       36.8309860229       24.2191181183       15.4543390274        9.7799377441        6.2498703003        4.0845065117        2.7514276505        1.9184056520        1.3863911629        1.0377058983        0.8026604056        0.6395459771        0.5230228305        0.4374056458        0.3727959394        0.3228167593
        1.7225850821       42.2677803040       28.1204414368       18.1273365021       11.5456295013        7.3932046890        4.8209609985        3.2284331322        2.2314100266        1.5955411196        1.1805281639        0.9025791883        0.7112801075        0.5759188533        0.4774744809        0.4039585590        0.3476697206
        1.8679137230       48.2056045532       32.4623680115       21.1692142487       13.5955610275        8.7415752411        5.6992006302        3.8012132645        2.6084327698        1.8473961353        1.3519377708        1.0217707157        0.7961301804        0.6378400922        0.5238299966        0.4395584464        0.3756987751
        2.0255012512       54.6367988586       37.2437286377       24.5947303772       15.9538459778       10.3202095032        6.7409973145        4.4867482185        3.0619850159        2.1508867741        1.5581996441        1.1645936966        0.8971213102        0.7108880281        0.5779370666        0.4806213081        0.4076262116
        2.1963858604       61.5557441711       42.4566650391       28.4111614227       18.6403884888       12.1533508301        7.9690170288        5.3036317825        3.6062569618        2.5163974762        1.8067364693        1.3362863064        1.0179281235        0.7976367474        0.6416010857        0.5284175873        0.4443496466
        2.3816852570       68.9632415771       48.0891876221       32.6180152893       21.6694107056       14.2628841400        9.4059553146        6.2716760635        4.2570114136        2.9558184147        2.1062378883        1.5430855751        1.1629841328        0.9012247920        0.7170422673        0.5845203400        0.4869872928
        2.5826175213       76.8702926636       54.1293678284       37.2082366943       25.0487174988       16.6671543121       11.0736389160        7.4114217758        5.0314106941        3.4825482368        2.4667494297        1.7923426628        1.3375937939        1.0254510641        0.8069729209        0.6508657336        0.5369235277
        2.8005027771       85.2988815308       60.5692939758       42.1702194214       28.7794246674       19.3797855377       12.9918966293        8.7433948517        5.9476485252        4.1113796234        2.8996963501        2.0926082134        1.5480349064        1.1748735905        0.9146832228        0.7298232317        0.5958648324
        3.0367703438       94.2797088623       67.4082260132       47.4906616211       32.8565254211       22.4088726044       15.1774444580       10.2872333527        7.0244259834        4.8582668304        3.4178328514        2.4536769390        1.8016433716        1.3549017906        1.0441257954        0.8242672682        0.6658981442
        3.2929706573      103.8480224609       74.6541290283       53.1579093933       37.2704315186       25.7567577362       17.6429615021       12.0607595444        8.2803096771        5.7399797440        4.0351161957        2.8865938187        2.1068830490        1.5718908310        1.2000118494        0.9376639724        0.7495632768
        3.5707857609      114.0387115479       82.3227233887       59.1646919250       42.0091514587       29.4204998016       20.3964519501       14.0790643692        9.7329683304        6.7736129761        4.7664608955        3.4035766125        2.4733664989        1.8332078457        1.3878924847        1.0741513968        0.8499253988
        3.8720388412      124.8832321167       90.4343414307       65.5097808838       47.0607032776       33.3929290771       23.4410400391       16.3537292480       11.3983564377        7.9759850502        5.6273798943        4.0178518295        2.9118216038        2.1472711563        1.6142311096        1.2386209965        0.9706518650
        4.1987075806      136.4090576172       99.0098724365       72.1979598999       52.4152793884       37.6642532349       26.7753143311       18.8923206329       13.2899494171        9.3629484177        6.6335153580        4.7433948517        3.4339833260        2.5235426426        1.8864486217        1.4367860556        1.1160875559
        4.5529360771      148.6414794922      108.0672225952       79.2384872437       58.0666542053       42.2238655090       30.3941764832       21.6982803345       15.4181261063       10.9487009048        7.8000717163        5.5945606232        4.0524034500        2.9724578857        2.2129325867        1.6752316952        1.2913196087
        4.9370450974      161.6047363281      117.6195755005       86.6424179077       64.0124588013       47.0618209839       34.2900085449       24.7711982727       17.7897853851       12.7451391220        9.1412096024        6.5856299400        4.7801637650        3.5052862167        2.6029946804        1.9614334106        1.5022299290
        5.3535637856      175.3227844238      127.6759872437       94.4203338623       70.2538146973       52.1701469421       38.4541206360       28.1076221466       20.4084129333       14.7614612579       10.6695079803        7.7303285599        5.6305403709        4.1339344978        3.0667872429        2.3037488461        1.7555286884
        5.8052229881      189.8160858154      138.2429504395      102.5796966553       76.7937393188       57.5428314209       42.8776817322       31.7018280029       23.2742424011       17.0038414001       12.3954019547        9.0412578583        6.6165390015        4.8706278801        3.6151161194        2.7113304138        2.0587382317
        6.2949872017      205.0978698730      149.3263549805      111.1239318848       83.6358261108       63.1757392883       47.5524749756       35.5468368530       26.3849067688       19.4755172729       14.3268775940       10.5294437408        7.7504549026        5.7275662422        4.2592139244        3.1940059662        2.4201474190
        6.8260707855      221.1693420410      160.9324035645      120.0525512695       90.7828598022       69.0659713745       52.4711418152       39.6351890564       29.7361392975       22.1770782471       16.4693508148       12.2039480209        9.0434331894        6.7165298462        5.0104470253        3.7620849609        2.8487119675
        7.4019594193      238.0199279785      173.0665435791      129.3623046875       98.2355422974       75.2112350464       57.6269569397       43.9593544006       33.3224678040       25.1069641113       18.8257751465       14.0716705322       10.5050792694        7.8484816551        5.8799734116        4.4261159897        3.3538987637
        8.0264339447      255.6377258301      185.7312622070      139.0490722656      105.9918289185       81.6092224121       63.0135650635       48.5118141174       37.1377105713       28.2620048523       21.3969116211       16.1373004913       12.1432161331        9.1332025528        6.8783936501        5.1965951920        3.9454796314
        8.7035923004      274.0213012695      198.9219970703      149.1091156006      114.0462875366       88.2569503784       68.6245498657       53.2848968506       41.1751747131       31.6378631592       24.1817417145       18.4034595490       13.9637451172       10.5790138245        8.0154027939        6.0836477280        4.6332817078
        9.4378709793      293.1761779785      212.6243896484      159.5394439697      122.3907928467       95.1503219604       74.4533309937       58.2704849243       45.4276504517       35.2293434143       27.1778221130       20.8709430695       15.9706659317       12.1925897598        9.2995147705        7.0967226028        5.4269070625
       10.2341079712      313.0963134766      226.8180541992      170.3374176025      131.0159301758      102.2836761475       80.4932708740       63.4600601196       49.8874053955       39.0306434631       30.3817443848       23.5391407013       18.1663322449       13.9790000916       10.7379236221        8.2443666458        6.3354930878
       11.0975189209      333.7524108887      241.4863281250      181.4973754883      139.9122009277      109.6488647461       86.7371444702       68.8443374634       54.5457115173       43.0350112915       33.7890853882       26.4061374664       20.5515155792       15.9416646957       12.3363227844        9.5339555740        7.3674068451
       12.0337734222      355.1126708984      256.6230163574      193.0081329346      149.0715026855      117.2356719971       93.1773986816       74.4136428833       59.3929481506       47.2348136902       37.3945617676       29.4690341949       23.1257629395       18.0825748444       14.0989856720       10.9716281891        8.5300912857
       13.0490159988      377.1678466797      272.2234497070      204.8513183594      158.4871673584      125.0321273804       99.8055038452       80.1578903198       64.4184646606       51.6212654114       41.1918983459       32.7239532471       25.8875007629       20.4024581909       16.0288333893       12.5622434616        9.8299169540
       14.1499099731      399.9025573730      288.2686157227      217.0051422119      168.1527099609      133.0257415771      106.6116485596       86.0668563843       69.6108322144       56.1844177246       45.1737098694       36.1660461426       28.8341732025       22.9009227753       18.1275615692       14.3094158173       11.2721233368
       15.3436822891      423.2727661133      304.7247924805      229.4536895752      178.0598754883      141.2050476074      113.5845031738       92.1302108765       74.9579620361       60.9130744934       49.3313598633       39.7893638611       31.9622325897       25.5765705109       20.3957748413       16.2156181335       12.8608436584
       16.6381530762      447.2484436035      321.5672302246      242.1896209717      188.1953735352      149.5602569580      120.7110290527       98.3371810913       80.4473342896       65.7948684692       53.6548042297       43.5866966248       35.2670326233       28.4269771576       22.8330307007       18.2822284698       14.5991077423
       18.0418663025      471.8112182617      338.7878417969      255.2060089111      198.5408325195      158.0838165283      127.9778900146      104.6768722534       86.0667037964       70.8168106079       58.1329040527       47.5497245789       38.7429542542       31.4488468170       25.4380397797       20.5097541809       16.4890422821
       19.5639686584      496.9105529785      356.3610229492      268.4816589355      209.0754394531      166.7678833008      135.3715515137      111.1369934082       91.8033905029       75.9648132324       62.7528877258       51.6684188843       42.3828353882       34.6375503540       28.2083263397       22.8975639343       18.5316658020
       21.2145252228      522.5223388672      374.2497253418      281.9880981445      219.7866516113      175.6041107178      142.8810272217      117.7050476074       97.6456604004       81.2251586914       67.5013885498       55.9318008423       46.1785774231       37.9876098633       31.1406440735       25.4443321228       20.7272834778
       23.0042896271      548.6036987305      392.4368896484      295.7066040039      230.6688842773      184.5793457031      150.4969329834      124.3672103882      103.5812454224       86.5836486816       72.3637695312       60.3272171021       50.1203384399       41.4919738770       34.2303886414       28.1474952698       23.0750961304
       24.9450702667      575.1222534180      410.8990173340      309.6306457520      241.7162933350      193.6771697998      158.2126922607      131.1105804443      109.5983734131       92.0270690918       77.3254089355       64.8412704468       54.1973342896       45.1426467896       37.4720611572       31.0037117004       25.5735759735
       27.0495891571      602.0379638672      429.6007080078      323.7381286621      252.9106292725      202.8813018799      166.0220642090      137.9233398438      115.6847152710       97.5425033569       82.3713226318       69.4594573975       58.3973045349       48.9301338196       40.8588142395       34.0084266663       28.2201232910
       29.3316555023      629.3149414062      448.5250549316      337.9999389648      264.2271728516      212.1827239990      173.9172210693      144.7959747314      121.8276290894      103.1176681519       87.4868774414       74.1666564941       62.7069091797       52.8437042236       44.3825607300       37.1559677124       31.0111217499
       31.8062534332      656.9166259766      467.6388549805      352.4067687988      275.6546936035      221.5789337158      181.8868408203      151.7213745117      128.0145416260      108.7406768799       92.6579971313       78.9474334717       67.1118087769       56.8714103699       48.0340042114       40.4394912720       33.9419174194
       34.4896240234      684.8090820312      486.9227294922      366.9370727539      287.1891479492      231.0646514893      189.9162902832      158.6942138672      134.2337951660      114.3997268677       97.8713912964       83.7863616943       71.5969161987       61.0001449585       51.8025665283       43.8509368896       37.0067176819
       37.3993415833      712.9443969727      506.3398132324      381.5642700195      298.8092041016      240.6228485107      197.9925231934      165.7089691162      140.4753723145      120.0827178955      103.1143493652       88.6682205200       76.1464996338       65.2157363892       55.6764335632       47.3809928894       40.1985282898
       40.5545768738      741.2968139648      525.8751831055      396.2789306641      310.4941711426      250.2348022461      206.1109924316      172.7588348389      146.7321929932      125.7781829834      108.3753356934       93.5787734985       80.7449340820       69.5033950806       59.6428909302       51.0193252563       43.5093536377
       43.9760475159      769.8597412109      545.5087280273      411.0561523438      322.2401428223      259.8947448730      214.2723846436      179.8339538574      152.9996490479      131.4753417969      113.6434326172       98.5048675537       85.3767852783       73.8478240967       63.6882743835       54.7544860840       46.9300384521
       47.6861381531      798.5336914062      565.1972656250      425.8778686523      334.0263061523      269.5997619629      222.4724121094      186.9233856201      159.2749328613      137.1656036377      118.9083099365      103.4345474243       90.0273132324       78.2334976196       67.7981872559       58.5740509033       50.4503364563
       51.7091789246      827.3083496094      584.9258422852      440.7267761230      345.8401794434      279.3343811035      230.6970520020      194.0202331543      165.5548553467      142.8426055908      124.1600646973      108.3571624756       94.6828155518       82.6451263428       71.9578323364       62.4648437500       54.0591239929
       56.0716819763      856.3037719727      604.7291870117      455.6036682129      357.6763305664      289.0855407715      238.9333038330      201.1250152588      171.8343353271      148.5027618408      129.3896331787      113.2630310059       99.3308639526       87.0679321289       76.1522140503       66.4131393433       57.7444839478
       60.8022270203      885.2406005859      624.4922485352      470.4633789062      369.5073852539      298.8478088379      247.1795959473      208.2386016846      178.1047515869      154.1439666748      134.5889434814      118.1428527832      103.9601364136       91.4876480103       80.3661651611       70.4045257568       61.4936256409
       65.9318084717      914.1221313477      644.1917724609      485.2833251953      381.3233337402      308.6061096191      255.4348449707      215.3565063477      184.3587188721      159.7649536133      139.7522888184      122.9879989624      108.5605621338       95.8910751343       84.5847778320       74.4243164062       65.2931137085
       71.4942855835      943.3457031250      664.0297851562      500.1404113770      393.1402282715      318.3605346680      263.6861267090      222.4675750732      190.5951080322      165.3643035889      144.8768768311      127.7910003662      113.1237258911      100.2667007446       88.7940368652       78.4580154419       69.1293029785
       77.5259780884      972.3657836914      683.7216796875      514.9130249023      404.9107971191      328.0924682617      271.9219970703      229.5635375977      196.8165740967      170.9371795654      149.9619140625      132.5453796387      117.6418838501      104.6042327881       92.9806060791       82.4911117554       72.9880523682
       84.0665435791     1001.0574951172      703.1843261719      529.5389404297      416.5979309082      337.7786865234      280.1405029297      236.6477050781      203.0254058838      176.4778594971      155.0080413818      137.2465667725      122.1081008911      108.8949356079       97.1324615479       86.5097045898       76.8553619385
       91.1588211060     1030.3328857422      722.9314575195      544.2854003906      428.3161010742      347.4617614746      288.3424682617      243.7213897705      209.2174072266      181.9842071533      160.0160980225      141.8925170898      126.5161972046      113.1313095093      101.2388687134       90.5004959106       80.7171783447
       98.8495330811     1059.3298339844      742.4801025391      558.8994750977      439.9517517090      357.0932617188      296.5136413574      250.7672424316      215.3813323975      187.4578552246      164.9840850830      146.4831390381      130.8610534668      117.3070297241      105.2907714844       94.4514083862       84.5600280762
      107.1890792847     1087.6049804688      761.5487670898      573.1866455078      451.3814392090      366.6037597656      304.6167297363      257.7745971680      221.5140228271      192.9033508301      169.9083251953      151.0201263428      135.1392059326      121.4165954590      109.2805709839       98.3514404297       88.3709640503
      116.2323150635     1116.7352294922      781.0684204102      587.7246704102      462.9248657227      376.1502075195      312.7182312012      264.7691955566      227.6304473877      198.3248291016      174.7874755859      155.5063781738      139.3498535156      125.4555511475      113.2022323608      102.1912612915       92.1380004883
      126.0382614136     1145.6595458984      800.4478149414      602.1507568359      474.3941040039      385.6427001953      320.7804260254      271.7305297852      233.7199401855      203.7144012451      179.6229248047      159.9427795410      143.4940032959      129.4203948975      117.0510177612      105.9631881714       95.8503570557
      136.6716156006     1173.4575195312      819.0336303711      616.0299072266      485.4761657715      394.8841247559      328.6910705566      278.6051940918      239.7514495850      209.0582580566      184.4174804688      164.3271636963      147.5743255615      133.3091735840      120.8232345581      109.6613159180       99.4988250732
      148.2020568848     1202.1818847656      838.1810302734      630.2337646484      496.7550964355      404.2237243652      336.6358642578      285.4802246094      245.7726593018      214.3810272217      189.1838684082      168.6614685059      151.5961303711      137.1226654053      124.5162506104      113.2812423706      103.0755538940
      160.7051391602     1231.0039062500      857.3848266602      644.4707031250      508.0449829102      413.5668945312      344.5754699707      292.3446044922      251.7760314941      219.6849822998      193.9203948975      172.9473724365      155.5622711182      140.8626403809      128.1277770996      116.8193511963      106.5741119385
      174.2631988525     1258.3892822266      875.5234375000      657.9315795898      518.7633666992      422.4914550781      352.2319946289      299.0263671875      257.6667785645      224.9144897461      198.5988311768      177.1804046631      159.4690856934      144.5308227539      131.6560058594      120.2726974487      109.9894104004
      188.9652862549     1286.4385986328      894.1033935547      671.6755981445      529.6641235352      431.5361022949      359.9501647949      305.7312622070      263.5576477051      230.1286773682      203.2504882812      181.3802642822      163.3222656250      148.1345672607      135.1032409668      123.6402587891      113.3185195923
      204.9075469971     1315.1474609375      913.1409301758      685.7309570312      540.7703247070      440.7207946777      367.7601928711      312.4905700684      269.4741210938      235.3528594971      207.8972778320      185.5576171875      167.1282348633      151.6808166504      138.4735107422      126.9218215942      116.5595169067
      222.1945800781     1342.2211914062      930.9069824219      698.8181762695      551.1500854492      449.3379821777      375.1458435059      318.9488830566      275.1894531250      240.4423980713      212.4560699463      189.6663513184      170.8709259033      155.1616058350      141.7664489746      130.1154937744      119.7103118896
      240.9402618408     1369.3936767578      948.7650146484      711.9705810547      561.5684814453      457.9942626953      382.5552978516      325.4150085449      280.8986511230      245.5193023682      216.9904479980      193.7432250977      174.5766754150      158.5873565674      144.9922790527      133.2257080078      122.7720336914
      261.2674560547     1398.0190429688      967.6550292969      725.8627319336      572.5104370117      467.0101623535      390.2274475098      332.0653381348      286.7304992676      250.6713867188      221.5692901611      197.8354949951      178.2744445801      161.9741973877      148.1643829346      136.2602996826      125.7470626831
      283.3092956543     1424.8442382812      985.1359863281      738.6434326172      582.5883178711      475.3627624512      397.3663330078      338.3062438965      292.2622985840      255.6129913330      226.0021514893      201.8286132812      181.8934020996      165.2879486084      151.2646789551      139.2125396729      128.6304168701
      307.2112731934     1451.1156005859     1002.2244873047      751.1466674805      592.4552001953      483.5539245605      404.3970031738      344.4626464844      297.7273254395      260.4998779297      230.3894500732      205.7788391113      185.4680480957      168.5557403564      154.3054351807      142.0937042236      131.4275512695
      333.1294860840     1479.6312255859     1020.9544677734      764.8671264648      603.2294921875      492.4110412598      411.9117736816      350.9876098633      303.4617004395      265.5779113770      234.9074249268      209.8109741211      189.0857543945      171.8360443115      157.3217468262      144.9300384521      134.1547393799
      361.2343139648     1506.2105712891     1038.1739501953      777.3900146484      613.0484008789      500.5162658691      418.8380432129      357.0347290039      308.8248596191      270.3775634766      239.2218475342      213.7002716064      192.6016387939      175.0339050293      160.2599334717      147.6911926270      136.7973632812
      391.7098693848     1531.8107910156     1054.6295166016      789.3132324219      622.3966674805      508.2429504395      425.4640808105      362.8477172852      314.0011596680      275.0305480957      243.4245300293      217.5008239746      196.0461883545      178.1678924561      163.1385498047      150.3851928711      139.3641357422
      424.7568969727     1560.0480957031     1073.1058349609      802.8024291992      632.9598999023      516.9154663086      432.8121032715      369.2222900391      319.6179809570      280.0193481445      247.8760528564      221.4825286865      199.6128234863      181.3770751953      166.0558013916      153.0753936768      141.9009552002
      460.5924072266     1586.3522949219     1090.0541992188      815.0678710938      642.5429687500      524.7997436523      439.5346984863      375.0935058594      324.8284912109      284.6921081543      252.0877685547      225.2857055664      203.0518493652      184.4911193848      168.8940277100      155.6879730225      144.3623962402
      499.4503173828     1611.6235351562     1106.1289062500      826.5906372070      651.4863281250      532.1383056641      445.7954711914      380.5830383301      329.7150268555      289.0924377441      256.0775146484      228.9123992920      206.3489379883      187.4933624268      171.6361999512      158.2160797119      146.7393188477
      541.5869750977     1639.3703613281     1124.1788330078      839.7167968750      661.7385253906      540.5390625000      452.9169006348      386.7547607422      335.1627197266      293.9488525391      260.4291992188      232.8188018799      209.8593139648      190.6475982666      174.4804840088      160.8062896729      149.1327972412
      587.2785644531     1665.4337158203     1140.8868408203      851.7530517578      671.1051635742      548.2214965820      459.4503173828      392.4558105469      340.2246093750      298.4990234375      264.5438537598      236.5477142334      213.2371673584      193.7062988281      177.2523956299      163.3334350586      151.4600677490
      636.8249511719     1690.4432373047     1156.6878662109      862.9848632812      679.7496337891      555.2631225586      465.4229125977      397.6724243164      344.8697204590      302.6752014160      268.3317260742      239.9994049072      216.3868103027      196.5785217285      179.8740386963      165.7331237793      153.6772308350
      690.5507202148     1717.6256103516     1174.2207031250      875.6542968750      689.5988769531      563.3104248047      472.2319946289      403.5817260742      350.0848083496      307.3440246582      272.5361938477      243.7962341309      219.8165740967      199.6733245850      182.6640777588      168.2547302246      155.9772186279
      748.8097534180     1743.5820312500     1190.7938232422      887.5449218750      698.8173217773      570.8461914062      478.6305847168      409.1529541016      355.0284423828      311.7884216309      276.5699157715      247.4663848877      223.1562957764      202.7059631348      185.4124298096      170.7447967529      158.2466735840
      811.9846801758     1768.3049316406     1206.3216552734      898.5119018555      707.2088623047      577.6386108398      484.3633728027      414.1432495117      359.4678649902      315.7892761230      280.1951599121      250.7718353271      226.1775207520      205.4668579102      187.9330139160      173.0457153320      160.3531646729
      880.4877929688     1794.7640380859     1223.2216796875      910.6188964844      716.5552978516      585.2428588867      490.7794189453      419.7037048340      364.3821716309      320.1901245117      284.1798095703      254.3926086426      229.4709930420      208.4592437744      190.6444854736      175.4981689453      162.5743865967
      954.7711181641     1820.8610839844     1239.8371582031      922.4923706055      725.7216796875      592.7083740234      497.0944519043      425.1932067871      369.2410583496      324.5523986816      288.1380310059      258.0065612793      232.7729949951      211.4707183838      193.3826446533      177.9784240723      164.8195648193
     1035.3214111328     1845.4816894531     1255.2094726562      933.3018188477      733.9491577148      599.3308105469      502.6503906250      430.0007629395      373.5057373047      328.3967895508      291.6310119629      261.1904907227      235.6868896484      214.1384124756      195.8208465576      180.2026672363      166.8468017578
     1122.6674804688     1871.0415039062     1271.3465576172      944.7295532227      742.6911010742      606.3950805664      508.5892944336      435.1405639648      378.0473632812      332.4708251953      295.3269348145      264.5681152344      238.7807617188      216.9710083008      198.4079895020      182.5555267334      168.9811096191
     1217.3813476562     1897.3669433594     1288.0875244141      956.6774291992      751.8854980469      613.8593750000      514.8844604492      440.5982666016      382.8729248047      336.7951660156      299.2415771484      268.1434020996      242.0570068359      219.9708862305      201.1464080811      185.0448913574      171.2336425781
     1320.0882568359     1922.2662353516     1303.6064453125      967.5427856445      760.1171875000      620.4418945312      520.3731079102      445.3157653809      387.0241088867      340.5218505859      302.6281127930      271.2349243164      244.8867645264      222.5664062500      203.5242919922      187.2166290283      173.2114105225
     1431.4589843750     1946.9569091797     1318.9649658203      978.2730712891      768.2274780273      626.9375610352      525.7940063477      449.9879150391      391.1520690918      344.2263793945      305.9973449707      274.3255004883      247.7332916260      225.1902923584      205.9401092529      189.4315948486      175.2317199707
     1552.2239990234     1973.5877685547     1335.8939208984      990.3498535156      777.5097045898      634.4511718750      532.1160278320      455.4539489746      395.9707031250      348.5412292480      309.8978881836      277.8779907227      250.9939270020      228.1852264404      208.6861419678      191.9384460449      177.5092163086
     1683.1790771484     1998.6384277344     1351.4859619141     1001.2386474609      785.7223510742      640.9948730469      537.5452270508      460.1028747559      400.0498046875      352.1853637695      313.2015380859      280.9000549316      253.7643890381      230.7319946289      211.0264587402      194.0842132568      179.4678192139
     1825.1823730469     2022.5133056641     1366.1450195312     1011.3377685547      793.2763061523      646.9878540039      542.5133056641      464.3638916016      403.8033142090      355.5558166504      316.2702941895      283.7220764160      256.3760986328      233.1504669189      213.2662658691      196.1531829834      181.3695068359
     1979.1677246094     2049.5793457031     1383.3345947266     1023.5968017578      802.6665039062      654.5717773438      548.8654174805      469.8384399414      408.6169433594      359.8557739258      320.1555175781      287.2608947754      259.6180419922      236.1390380859      216.0192871094      198.6810760498      183.6791992188
     2146.1403808594     2074.4348144531     1398.7219238281     1034.2802734375      810.7111206055      660.9580688477      554.1629028320      474.3646545410      412.5830078125      363.3988952637      323.3640747070      290.1996765137      262.3257751465      238.6355743408      218.3254394531      200.8069763184      185.6316375732
     2327.2016601562     2098.4125976562     1413.3725585938     1044.3244628906      818.1533813477      666.8029785156      558.9541015625      478.4368591309      416.1380310059      366.5688171387      326.2385864258      292.8316650391      264.7579956055      240.8920440674      220.4158630371      202.7418975830      187.4172210693
     2523.5385742188     2125.1447753906     1430.2619628906     1056.2965087891      827.2926635742      674.1611328125      565.1119384766      483.7316894531      420.7909851074      370.7242736816      329.9953002930      296.2618408203      267.9089660645      243.7971343994      223.1073150635      205.2296295166      189.7066345215
     2736.4396972656     2150.1862792969     1445.7286376953     1067.0010986328      835.3092651367      680.4967651367      570.3220214844      488.1697692871      424.6606140137      374.1665344238      333.1047363281      299.1018371582      270.5226745605      246.2164611816      225.3478546143      207.3068695068      191.6260986328
     2967.2995605469     2174.4387207031     1460.5278320312     1077.1274414062      842.7877807617      686.3352661133      575.0908813477      492.1895446777      428.1417236328      377.2469177246      335.8796386719      301.6336059570      272.8517456055      248.3728942871      227.3475494385      209.1546020508      193.3318634033
     3217.6435546875     2200.9689941406     1477.1730957031     1088.8439941406      851.6771240234      693.4649658203      581.0199584961      497.2710876465      432.6012268066      381.2247314453      339.4736022949      304.9122009277      275.8705444336      251.1636810303      229.9349517822      211.5619049072      195.5639190674
     3489.1035156250     2225.9406738281     1492.5734863281     1099.4650878906      859.6007080078      699.6978149414      586.1412353516      501.6158447266      436.3814392090      384.5868835449      342.5055847168      307.6830139160      278.4219055176      253.5265808105      232.1326446533      213.6064910889      197.4666442871
     3783.4582519531     2250.2895507812     1507.3569335938     1109.5405273438      867.0057983398      705.4541015625      590.8098754883      505.5287170410      439.7527160645      387.5519104004      345.1658935547      310.1025390625      280.6473999023      255.5877075195      234.0507507324      215.3891296387      199.1155090332
     4102.6538085938     2276.6865234375     1523.8032226562     1121.0585937500      875.6941528320      712.3664550781      596.5318603516      510.3993835449      444.0044555664      391.3285217285      348.5672302246      313.1996459961      283.4914550781      258.2190246582      236.4922485352      217.6599121094      201.2311096191
     4448.7788085938     2301.9023437500     1539.3215332031     1131.7067871094      883.6143798828      718.5883789062      601.6195068359      514.7139282227      447.7429199219      394.6431579590      351.5553283691      315.9239807129      285.9986877441      260.5409545898      238.6504058838      219.6719512939      203.1092529297
     4824.1137695312     2326.2580566406     1554.0812988281     1141.7371826172      890.9342041016      724.2325439453      606.1726684570      518.5048217773      450.9941406250      397.4877319336      354.0925292969      318.2198791504      288.1026916504      262.4879150391      240.4658660889      221.3690032959      204.6908569336
     5231.0957031250     2352.2416992188     1570.1097412109     1152.8353271484      899.2526245117      730.7869262695      611.5490722656      523.0605468750      454.9450073242      400.9804077148      357.2268676758      321.0720214844      290.7198181152      264.9054870605      242.7109222412      223.4595489502      206.6400756836
     5672.4228515625     2378.0751953125     1586.0017089844     1163.7772216797      907.3867797852      737.1756591797      616.7635498047      527.4597778320      458.7484741211      404.3459472656      360.2448730469      323.8172912598      293.2433471680      267.2421875000      244.8818359375      225.4822235107      208.5274353027
     6150.9829101562     2402.4792480469     1600.7587890625     1173.7645263672      914.6411132812      742.7628784180      621.2529907227      531.1800537109      461.9265441895      407.1202392578      362.7151794434      326.0452575684      295.2759704590      269.1151428223      246.6234893799      227.1118164062      210.0554504395
     6669.9169921875     2427.9807128906     1616.3422851562     1184.4255371094      922.5021362305      748.8930053711      626.2164916992      535.3427124023      465.5006713867      410.2519531250      365.5098876953      328.5733642578      297.5904235840      271.2514953613      248.6076354980      228.9601135254      211.7810211182
     7232.6318359375     2454.2634277344     1632.5424804688     1195.6202392578      930.8316650391      755.4340820312      631.5726928711      539.8447875977      469.3935546875      413.6858215332      368.5808105469      331.3594360352      300.1425170898      273.6076660156      250.7961730957      231.0002746582      213.6848907471
     7842.8208007812     2479.3334960938     1647.7116699219     1205.9141845703      938.3239746094      761.2012329102      636.1890258789      543.6725463867      472.6494140625      416.5090942383      371.0776672363      333.6011047363      302.1838378906      275.4824218750      252.5299682617      232.6124420166      215.1922912598
     8504.4882812500     2504.3002929688     1662.7452392578     1216.0651855469      945.7086791992      766.8779296875      640.7356567383      547.4307250977      475.8266906738      419.2640991211      373.5156860352      335.7834167480      304.1615600586      277.2961425781      254.2075805664      234.1723327637      216.6450500488
     9221.9794921875     2531.0219726562     1679.3308105469     1227.4697265625      954.2284545898      773.5368652344      646.1964111328      552.0229492188      479.7882385254      422.7402954102      376.6181335449      338.5893859863      306.7250976562      279.6570739746      256.3974609375      236.2106170654      218.5476989746
    10000.0009765625     2556.5202636719     1694.7028808594     1237.8831787109      961.8104858398      779.3619384766      650.8540649414      555.8766479492      483.0309753418      425.5469055176      379.0870361328      340.7928161621      308.7153320312      281.4738769531      258.0673217773      237.7558288574      219.9828338623
